547 20
1 0.16503 -0.28492 0.34009 -0.07314 0.29472 0.27739 -0.52024 0.86029 -0.48835 0.74305 -0.40354 0.63081 -0.28170 -0.62049 0.52895 0.35823 -0.39197 -0.57793 -0.51902 -0.26047
2 0.15488 -0.29790 0.33860 -0.07544 0.32022 0.26363 -0.53794 0.85282 -0.48732 0.78328 -0.40211 0.62761 -0.29870 -0.62619 0.57218 0.38306 -0.41201 -0.58458 -0.48505 -0.25203
3 -0.43504 -0.46997 -0.19639 -0.69111 0.37030 0.48454 -0.87438 0.28877 0.12240 -0.13650 -0.16644 0.00407 -0.31299 -0.57805 1.02250 0.60441 0.03666 -0.00833 0.53232 0.39860
4 -0.38914 -0.46170 -0.16329 -0.69632 0.37230 0.50692 -0.89658 0.31380 0.09629 -0.10694 -0.10207 0.00458 -0.32455 -0.56881 1.00009 0.59346 0.04480 -0.03773 0.52963 0.42815
5 -0.37975 -0.44958 -0.20316 -0.68536 0.35497 0.49520 -0.90483 0.30665 0.13080 -0.10403 -0.11066 0.01934 -0.31645 -0.57560 0.97401 0.58407 0.01755 -0.03976 0.54445 0.39784
6 -0.38924 -0.44816 -0.16868 -0.65625 0.37743 0.49306 -0.90287 0.30817 0.10705 -0.05968 -0.09923 0.03515 -0.29518 -0.57064 0.94760 0.57718 0.02531 -0.02627 0.52154 0.41066
7 -0.38527 -0.44131 -0.17701 -0.66352 0.38225 0.51122 -0.90867 0.30366 0.10787 -0.08396 -0.09623 0.03611 -0.31197 -0.57417 0.95853 0.57894 0.01724 -0.03433 0.51500 0.40916
8 -0.23774 0.41826 -0.72709 -0.44924 -0.38093 0.50040 -0.33053 0.63982 0.25377 -0.21989 0.24512 -0.36495 -0.29020 -0.10121 0.35231 0.13398 -1.04622 -0.56479 0.55230 -0.38552
9 0.13053 -0.18830 0.43712 0.47550 0.12854 -0.18655 -0.50183 -0.30106 -0.87814 -0.05339 0.43686 0.22437 0.25574 0.45918 -0.66721 -0.36734 1.07050 -0.05597 0.19678 -0.18536
10 -0.40773 -0.43072 -0.18050 -0.65152 0.38461 0.49056 -0.86901 0.31224 0.13588 -0.06143 -0.10334 0.00260 -0.31452 -0.54956 0.96942 0.57610 0.03802 -0.02439 0.52877 0.40112
11 -0.19703 0.43026 -0.40576 0.36161 -0.67551 0.11591 -0.85146 0.03570 0.09064 0.50729 0.06069 0.38144 -0.29773 -1.12005 0.06469 -0.20826 -0.58650 0.41780 -0.09795 0.13488
12 0.03446 0.04158 0.79769 -0.03433 -0.36424 -0.26292 1.05952 0.54833 -0.09364 0.47564 -0.40580 -0.25126 -0.25119 0.10706 -0.14401 -0.08142 -0.53415 0.73010 -0.64985 0.13650
13 -0.39638 -0.45223 -0.17037 -0.67297 0.36224 0.49566 -0.90030 0.28947 0.10116 -0.07368 -0.07724 0.00738 -0.30898 -0.56553 0.94635 0.60634 0.00331 -0.02703 0.54448 0.41427
14 -0.37167 -0.45530 -0.20786 -0.68552 0.39888 0.50944 -0.86668 0.32162 0.08789 -0.10423 -0.09983 -0.00519 -0.33654 -0.59196 0.95386 0.58411 0.01551 -0.03478 0.53184 0.40145
15 -0.38412 -0.43936 -0.18050 -0.64274 0.36982 0.51387 -0.88839 0.31595 0.10638 -0.07814 -0.10761 0.01437 -0.30629 -0.57384 0.94097 0.59713 0.01989 -0.02444 0.53644 0.40314
16 0.03120 0.07066 0.92342 -0.07315 -0.38288 -0.31507 1.17753 0.59260 -0.10098 0.45261 -0.48082 -0.26680 -0.20655 0.07702 -0.14267 -0.13061 -0.61873 0.82940 -0.70200 0.15095
17 -0.20548 0.39793 -0.71779 -0.45583 -0.38098 0.50797 -0.34993 0.68447 0.26430 -0.19927 0.25870 -0.38719 -0.28552 -0.12594 0.37533 0.14845 -1.07412 -0.58193 0.54608 -0.38829
18 -0.14864 -0.59081 0.13892 0.04003 0.38629 -0.23887 -0.44385 -0.25054 -0.79666 0.69941 0.24139 0.24730 0.41343 -0.31454 -0.50227 0.44938 -0.98829 0.19007 0.65318 0.07868
19 -0.10161 -0.61780 0.02809 0.02067 0.38610 -0.26764 -0.44365 -0.25212 -0.74966 0.73308 0.23525 0.29685 0.42457 -0.34359 -0.51367 0.42568 -0.97114 0.19066 0.62835 0.04694
20 -0.12416 -0.62605 0.04925 0.03245 0.34197 -0.26015 -0.43435 -0.27638 -0.77759 0.73977 0.23926 0.32090 0.42282 -0.35555 -0.51854 0.42693 -0.96994 0.19000 0.61574 0.05717
21 -0.15349 -0.58841 0.12555 0.04641 0.39141 -0.21266 -0.45280 -0.26594 -0.76395 0.72135 0.24551 0.28111 0.40831 -0.31430 -0.51999 0.44202 -0.99170 0.20634 0.64443 0.06570
22 -0.18123 -0.60117 0.17819 0.01544 0.30464 -0.20539 -0.41753 -0.25574 -0.79123 0.72799 0.23971 0.24691 0.41586 -0.31426 -0.56995 0.41400 -1.00941 0.23112 0.64096 0.04329
23 -0.11192 -0.66181 0.06707 0.02086 0.40189 -0.31043 -0.43777 -0.29461 -0.77170 0.71990 0.31402 0.27750 0.40515 -0.32646 -0.50861 0.40637 -1.03624 0.20011 0.61170 0.03433
24 -0.15046 -0.62320 0.08375 0.06703 0.38730 -0.26161 -0.45921 -0.28194 -0.76015 0.71773 0.26313 0.29737 0.41039 -0.29614 -0.54783 0.41288 -0.95428 0.18741 0.66106 0.06692
25 -0.12279 -0.61345 0.04377 0.02950 0.39384 -0.26447 -0.43573 -0.29739 -0.77096 0.74422 0.25918 0.27956 0.41707 -0.37135 -0.53827 0.46403 -0.99919 0.19362 0.61264 0.04716
26 -0.16148 -0.61379 0.15098 0.03989 0.28317 -0.21222 -0.41378 -0.21664 -0.80262 0.70241 0.20850 0.27515 0.38974 -0.29810 -0.52384 0.40503 -0.99243 0.23011 0.64432 0.06074
27 -0.09605 -0.64474 0.03222 0.03521 0.42290 -0.30431 -0.45630 -0.34938 -0.78444 0.70658 0.29735 0.30781 0.39331 -0.26771 -0.45713 0.38315 -0.99942 0.18301 0.61186 0.06984
28 -0.10900 -0.63745 0.04660 0.02407 0.37503 -0.28584 -0.43802 -0.31620 -0.78899 0.70515 0.30591 0.31332 0.42705 -0.28585 -0.50611 0.39888 -1.02472 0.20230 0.63688 0.06511
29 -0.08196 -0.57466 0.00456 0.11715 0.47803 -0.23180 -0.41302 -0.29280 -0.78161 0.73182 0.35215 0.35082 0.41125 -0.20084 -0.54531 0.43952 -1.05764 0.19455 0.60275 0.07702
30 -0.10109 -0.63727 0.04759 0.01952 0.38075 -0.25579 -0.43547 -0.32143 -0.75604 0.71423 0.28492 0.30056 0.40432 -0.28803 -0.49669 0.40539 -0.99629 0.17772 0.61185 0.08238
31 -0.13647 -0.63863 0.08012 0.02176 0.43935 -0.28064 -0.47120 -0.28271 -0.78272 0.72061 0.30598 0.29315 0.43496 -0.28589 -0.55341 0.45602 -1.00846 0.23001 0.64804 0.09015
32 -0.13747 -0.64121 0.03607 0.05959 0.40358 -0.28087 -0.50319 -0.29459 -0.77624 0.79805 0.26371 0.31570 0.43445 -0.38258 -0.53635 0.45186 -1.01678 0.19907 0.63139 0.08872
33 -0.15001 -0.61016 0.08262 0.03087 0.37561 -0.25464 -0.43988 -0.24121 -0.76323 0.67974 0.29071 0.32888 0.42289 -0.28193 -0.53780 0.41861 -0.97955 0.21026 0.63577 0.08386
34 -0.12760 -0.60956 0.06020 0.06687 0.37276 -0.25200 -0.44899 -0.29497 -0.78287 0.69008 0.27630 0.31079 0.41501 -0.29676 -0.54592 0.42419 -0.94696 0.17506 0.65405 0.04923
35 -0.13359 -0.59413 0.05435 0.04586 0.36656 -0.25006 -0.43802 -0.28465 -0.75439 0.70305 0.28119 0.30441 0.41686 -0.33823 -0.50745 0.41561 -0.94080 0.18487 0.61661 0.08673
36 -0.16749 -0.64999 0.03179 0.05790 0.38689 -0.28083 -0.44939 -0.29214 -0.73600 0.72092 0.28960 0.30378 0.40877 -0.30532 -0.53055 0.40830 -1.02884 0.17535 0.63636 0.08911
37 -0.12467 -0.60145 0.01065 0.02752 0.37192 -0.25203 -0.42788 -0.25999 -0.71827 0.71274 0.25437 0.28081 0.40819 -0.33404 -0.50197 0.40981 -0.94906 0.17761 0.60464 0.07483
38 -0.12364 -0.63960 0.06133 0.09399 0.41981 -0.25993 -0.46321 -0.29827 -0.81369 0.70345 0.28657 0.30589 0.42984 -0.28592 -0.55690 0.41971 -0.98003 0.21467 0.66004 0.09436
39 -0.17143 -0.48482 -0.96520 0.17446 0.21868 0.76814 1.09665 0.44094 -0.01386 0.11637 -0.05000 -0.32637 -0.13398 -0.73429 0.47547 0.32382 0.25038 0.40443 0.24514 0.10662
40 -0.15154 -0.52096 -0.97021 0.21062 0.21162 0.73574 1.07381 0.45406 -0.04172 0.14275 0.03628 -0.31064 -0.18041 -0.70988 0.44623 0.33998 0.23035 0.35803 0.28553 0.14418
41 -0.16449 -0.48899 -0.97856 0.13908 0.21419 0.74922 1.12184 0.47335 -0.06230 0.13986 -0.03577 -0.28815 -0.16027 -0.74385 0.44410 0.31477 0.25609 0.39774 0.25141 0.10303
42 -0.15926 -0.48734 -0.93022 0.18794 0.18316 0.75109 1.07184 0.45921 -0.01406 0.11517 0.02179 -0.30326 -0.13041 -0.70343 0.42183 0.32417 0.24281 0.37879 0.25749 0.13939
43 -0.14914 -0.47477 -0.93415 0.17955 0.20918 0.71457 1.04324 0.43742 -0.00917 0.10839 -0.02770 -0.32169 -0.14730 -0.69998 0.44604 0.31526 0.24404 0.38197 0.20639 0.12670
44 -0.14941 -0.50414 -1.01023 0.18595 0.20945 0.77044 1.13505 0.48818 -0.04772 0.11720 -0.00741 -0.34443 -0.14257 -0.74082 0.44845 0.32770 0.23409 0.41387 0.26651 0.12294
45 -0.12749 -0.53259 -0.97902 0.24718 0.23489 0.76587 1.11950 0.46625 -0.02669 0.13487 0.07587 -0.31875 -0.15148 -0.72993 0.42701 0.33225 0.20068 0.40098 0.29268 0.09514
46 0.47943 0.27344 -0.12120 -1.03643 0.33904 -0.83935 -0.31141 -0.21477 0.18788 -0.27343 1.01672 -0.01223 0.21519 0.65285 -0.14828 -0.13428 -0.26610 0.04728 0.54586 -0.24468
47 0.47476 0.24106 -0.14309 -1.06899 0.34802 -0.86181 -0.32688 -0.21611 0.20192 -0.27830 1.05851 -0.00251 0.23796 0.61528 -0.15408 -0.14859 -0.29542 0.06653 0.56732 -0.29105
48 0.45696 0.24682 -0.11657 -1.08861 0.35629 -0.76638 -0.26059 -0.26652 0.18742 -0.30476 1.03048 -0.02521 0.18199 0.62976 -0.18282 -0.10782 -0.27347 0.05426 0.50969 -0.25795
49 0.47944 0.20102 -0.13693 -1.10883 0.35351 -0.78450 -0.27607 -0.26741 0.18723 -0.28428 1.07166 -0.05758 0.18588 0.63561 -0.17549 -0.11477 -0.26262 0.05431 0.50924 -0.27111
50 0.48665 0.23021 -0.13038 -1.08994 0.34882 -0.78762 -0.25568 -0.23605 0.18881 -0.28123 1.03521 -0.01516 0.17000 0.64006 -0.16479 -0.10764 -0.25654 0.02282 0.50873 -0.23815
51 0.50015 0.21528 -0.12566 -1.09256 0.37227 -0.80615 -0.26088 -0.27498 0.16387 -0.25670 1.04803 -0.06725 0.21151 0.65493 -0.17910 -0.13106 -0.28209 0.03742 0.51186 -0.27063
52 0.49278 0.20002 -0.12737 -1.08657 0.34487 -0.78879 -0.21799 -0.23212 0.17581 -0.27817 1.03367 -0.04741 0.18847 0.61765 -0.17448 -0.12899 -0.25860 0.07774 0.53746 -0.22506
53 1.04196 1.01152 -0.46282 0.77032 0.17300 0.15197 -0.20780 -0.51151 -0.30421 0.32762 0.60946 0.03680 0.30341 0.04226 0.09794 -0.10906 0.46618 -0.14594 0.32988 -0.29036
54 1.08000 1.08570 -0.52623 0.71417 0.19810 0.19865 -0.25091 -0.49068 -0.27046 0.26180 0.60182 0.00581 0.26972 0.00732 0.06926 -0.02817 0.47624 -0.04111 0.31656 -0.19305
55 1.08133 1.02625 -0.44482 0.77634 0.12472 0.15736 -0.19959 -0.51570 -0.31229 0.35603 0.58419 0.07458 0.27744 0.04858 0.08986 -0.08568 0.43761 -0.15401 0.31856 -0.27543
56 1.08253 1.15569 -0.51858 0.66622 0.17636 0.16692 -0.28033 -0.50294 -0.27582 0.23022 0.62368 -0.02140 0.27696 0.02144 0.09416 -0.02436 0.44496 -0.06605 0.27353 -0.21646
57 1.11242 1.14698 -0.53446 0.67825 0.19304 0.17853 -0.27057 -0.51521 -0.26654 0.22327 0.59753 -0.01848 0.29908 0.02161 0.09637 -0.01097 0.43199 -0.06783 0.27682 -0.20448
58 1.11279 1.13804 -0.48633 0.70134 0.23728 0.19137 -0.27954 -0.51476 -0.28825 0.24567 0.58553 0.03065 0.31425 0.00790 0.08159 -0.00604 0.47633 -0.06917 0.28821 -0.24288
59 1.04644 1.03378 -0.47398 0.66091 0.18304 0.19062 -0.26439 -0.50450 -0.25777 0.23459 0.56114 0.02033 0.27102 0.02001 0.04786 -0.01029 0.43508 -0.07327 0.25883 -0.21765
60 1.08948 1.06723 -0.47443 0.72125 0.18442 0.18612 -0.20309 -0.50374 -0.30322 0.29883 0.59297 0.07764 0.30583 0.05613 0.11399 -0.05826 0.47594 -0.13286 0.29056 -0.24674
61 1.09274 1.06710 -0.48202 0.68206 0.17038 0.20807 -0.25792 -0.49330 -0.28471 0.27663 0.54688 0.03047 0.28256 0.01256 0.07672 -0.00308 0.45755 -0.07288 0.27538 -0.23490
62 1.03084 1.03279 -0.46221 0.65134 0.19875 0.19465 -0.25912 -0.48939 -0.26505 0.23332 0.55715 0.01026 0.30210 0.00859 0.06229 -0.02309 0.42445 -0.07014 0.26405 -0.22375
63 1.05312 1.05170 -0.47138 0.67053 0.19789 0.20040 -0.26850 -0.50540 -0.27139 0.24114 0.55630 -0.00279 0.30448 0.01960 0.04945 -0.02862 0.44734 -0.07114 0.24206 -0.26875
64 1.05736 1.04443 -0.48545 0.64541 0.19311 0.19361 -0.23686 -0.47559 -0.27590 0.22825 0.55459 0.02711 0.27312 0.03234 0.07722 -0.00587 0.44943 -0.06289 0.29364 -0.21388
65 -0.24355 -0.26213 -0.61578 0.18634 -0.43339 0.02048 0.52249 0.50836 -0.36715 0.49976 -0.20998 -0.20304 -0.16659 0.49454 0.14608 0.57436 0.34260 -0.96279 0.90973 0.63335
66 -0.23983 -0.24968 -0.60299 0.19022 -0.43347 0.01152 0.50281 0.53592 -0.37507 0.47598 -0.19771 -0.23450 -0.16321 0.53624 0.17840 0.59963 0.32513 -0.99554 0.90348 0.65287
67 -0.25876 -0.27876 -0.62682 0.17696 -0.42271 0.03390 0.49822 0.51408 -0.39411 0.50532 -0.22397 -0.19422 -0.20716 0.52727 0.20852 0.61025 0.28897 -0.98412 0.86772 0.64262
68 -0.23195 -0.23374 -0.60460 0.19749 -0.41945 0.02232 0.49876 0.49112 -0.34033 0.49110 -0.24310 -0.17130 -0.16382 0.50610 0.16912 0.55773 0.31227 -0.97792 0.84027 0.61406
69 -0.20953 -0.26946 -0.58499 0.16728 -0.39980 0.02188 0.45591 0.48800 -0.36232 0.46006 -0.20804 -0.17572 -0.17528 0.50877 0.16078 0.56732 0.32037 -0.97468 0.84580 0.63317
70 -0.22089 -0.24644 -0.61490 0.16475 -0.42419 0.02651 0.47289 0.49048 -0.36136 0.46690 -0.23170 -0.17795 -0.19633 0.49720 0.15275 0.54281 0.30092 -0.93500 0.82075 0.62064
71 -0.24713 -0.26940 -0.62492 0.18414 -0.41058 -0.02053 0.47023 0.49791 -0.39454 0.50074 -0.21562 -0.21733 -0.13217 0.49365 0.17827 0.56549 0.28392 -0.97470 0.87905 0.61713
72 -0.34289 -0.53545 -0.29673 1.19459 0.32977 -0.41786 -0.01652 0.13100 -0.17845 -0.67921 -0.47396 -0.42783 -0.01857 -0.94835 0.10074 -0.32674 0.23980 0.40481 -0.27802 -0.20427
73 -0.34704 -0.52148 -0.25187 1.20885 0.33163 -0.42722 0.00685 0.10393 -0.19875 -0.68010 -0.50409 -0.42584 -0.00683 -0.93361 0.08754 -0.33249 0.24500 0.41643 -0.32074 -0.16412
74 -0.36039 -0.52157 -0.25629 1.21468 0.33449 -0.41385 -0.02245 0.12070 -0.16952 -0.65781 -0.46884 -0.46390 0.00385 -0.94307 0.10255 -0.37594 0.21828 0.39382 -0.29896 -0.18294
75 -0.28236 -0.60004 -0.17142 1.10319 0.39780 -0.41548 -0.07479 0.20748 -0.19876 -0.68778 -0.40673 -0.35568 -0.00603 -0.90929 0.13455 -0.32267 0.32894 0.31985 -0.27452 -0.16741
76 -0.38680 -0.57610 -0.07595 1.09949 0.41546 -0.49260 -0.22642 0.08607 -0.24140 -0.84838 -0.35523 -0.32745 0.08238 -1.06978 0.19890 -0.31727 0.23290 0.27218 -0.31832 -0.19517
77 -0.28695 -0.65867 -0.20433 1.16905 0.36314 -0.43209 -0.07970 0.29399 -0.20775 -0.70037 -0.41475 -0.35266 0.00648 -0.94444 0.13411 -0.34622 0.37818 0.34450 -0.25638 -0.19901
78 -0.30789 0.25974 0.73396 -0.01289 -0.80028 0.18362 0.02072 -0.43483 -0.17572 0.19498 -0.98288 -0.51328 -0.37726 0.06997 -0.32121 -0.24938 0.79866 -0.16359 -0.62628 0.27567
79 -0.32365 0.30052 0.71373 -0.06371 -0.81960 0.11455 0.01536 -0.44720 -0.14968 0.16046 -1.02470 -0.53805 -0.30212 0.11237 -0.37746 -0.21272 0.85496 -0.14278 -0.63145 0.29875
80 -0.31325 0.24525 0.75411 -0.06551 -0.79373 0.15497 0.03428 -0.44896 -0.15817 0.19205 -0.99043 -0.49596 -0.37432 0.06841 -0.35676 -0.21418 0.81728 -0.15241 -0.64748 0.28407
81 -0.31189 0.26042 0.73902 -0.02968 -0.77834 0.18891 0.01200 -0.44815 -0.15980 0.22637 -0.99294 -0.52343 -0.37610 0.08268 -0.32557 -0.24308 0.80897 -0.16904 -0.65459 0.27715
82 -0.30667 0.24243 0.71614 -0.04368 -0.78729 0.16820 -0.00089 -0.42875 -0.17539 0.18324 -0.99876 -0.49185 -0.35400 0.07883 -0.34358 -0.22991 0.78968 -0.17143 -0.63839 0.26719
83 -0.32404 0.24424 0.75311 -0.02266 -0.82210 0.18425 0.03252 -0.46665 -0.16619 0.16415 -1.04485 -0.50148 -0.37340 0.05261 -0.37626 -0.23168 0.83381 -0.17612 -0.63211 0.26930
84 0.42716 -0.44286 -0.10707 -0.43920 0.74031 -0.02907 0.33925 -0.29043 -0.47890 -0.15269 -0.65337 -1.05778 -0.44796 0.02176 -0.04190 0.79862 -0.50652 0.18832 -0.38390 -0.02214
85 0.45650 -0.29981 -0.01915 -0.47670 0.59123 -0.08208 0.39464 -0.35187 -0.51904 -0.19648 -0.68465 -1.18081 -0.57739 -0.00070 0.08324 0.69558 -0.56911 0.09733 -0.15784 -0.02924
86 0.42728 -0.26955 0.03165 -0.47990 0.56633 -0.09140 0.36273 -0.29365 -0.51773 -0.12734 -0.69274 -1.17051 -0.58166 0.01010 0.05883 0.64642 -0.54945 0.04281 -0.19249 -0.01829
87 0.43875 -0.30622 0.06847 -0.48334 0.62347 -0.05290 0.42512 -0.34129 -0.53010 -0.23128 -0.66051 -1.20169 -0.62631 -0.02842 0.11015 0.74437 -0.62038 0.11951 -0.19579 -0.06368
88 0.37674 -0.30625 0.10667 -0.40978 0.60303 -0.05582 0.41898 -0.29045 -0.50036 -0.21160 -0.64517 -1.13795 -0.61157 -0.03570 0.07186 0.69704 -0.62017 0.08259 -0.16915 -0.03507
89 0.39779 -0.26407 -0.10403 -0.50315 0.54520 -0.02057 0.33546 -0.36310 -0.57842 -0.16537 -0.60920 -1.15588 -0.59978 0.06343 0.10922 0.69505 -0.55321 0.21419 -0.16472 -0.09996
90 0.45114 -0.25955 -0.05765 -0.52077 0.60843 -0.05376 0.40202 -0.33365 -0.55110 -0.19291 -0.65071 -1.20378 -0.55494 0.03839 0.10621 0.64255 -0.54700 0.15867 -0.16888 0.00520
91 0.44757 -0.22919 -0.05710 -0.46456 0.60304 0.13652 0.37649 -0.41158 -0.49887 -0.39752 -0.54083 -1.18343 -0.55580 -0.04126 0.15899 0.76842 -0.67640 0.28293 -0.11852 -0.12732
92 0.39885 -0.31029 0.10118 -0.44202 0.58373 -0.05849 0.38478 -0.28296 -0.48876 -0.16980 -0.64946 -1.12376 -0.60012 -0.02623 0.06399 0.69860 -0.55655 0.08520 -0.17662 -0.07000
93 0.44494 -0.26634 -0.10480 -0.50993 0.65672 -0.10113 0.36189 -0.40732 -0.63741 -0.30569 -0.60307 -1.07055 -0.55766 0.04945 0.23782 0.57795 -0.49063 0.25164 -0.16804 -0.00735
94 0.41985 -0.23509 -0.06192 -0.45599 0.55345 0.06261 0.39720 -0.37260 -0.49828 -0.34761 -0.53988 -1.13319 -0.55758 0.00440 0.13294 0.76776 -0.67555 0.19562 -0.09822 -0.07983
95 0.43263 -0.29414 -0.14285 -0.49548 0.66686 -0.09110 0.37288 -0.41509 -0.64005 -0.31970 -0.58919 -1.04311 -0.52786 0.00940 0.19438 0.60084 -0.45504 0.22934 -0.16931 0.01263
96 0.51941 -0.28422 -0.12099 -0.43966 0.61822 -0.15631 0.36798 -0.36661 -0.52978 -0.21011 -0.69338 -1.13017 -0.62966 0.03284 0.01042 0.63028 -0.52666 0.08222 -0.04444 0.00590
97 0.52008 -0.30881 0.03018 -0.41763 0.59842 -0.14933 0.41027 -0.42705 -0.52261 -0.13897 -0.68829 -1.16078 -0.53873 -0.02570 0.04691 0.64342 -0.50644 0.05038 -0.09512 -0.01787
98 0.48125 -0.19862 -0.22202 -0.58925 0.42669 -0.07003 0.36723 -0.27216 -0.64879 -0.15551 -0.70810 -1.18012 -0.34093 -0.03482 0.03816 0.78131 -0.58470 0.08477 0.05836 -0.11127
99 0.40770 -0.27265 -0.00222 -0.44356 0.53502 -0.06548 0.35823 -0.32303 -0.47094 -0.18135 -0.60776 -1.06902 -0.51078 0.00325 0.08390 0.63934 -0.54584 0.09337 -0.14782 -0.03555
100 0.42888 -0.30840 0.00634 -0.46663 0.59945 -0.07010 0.37595 -0.34994 -0.52779 -0.14889 -0.71555 -1.15835 -0.57583 0.02140 0.05304 0.70781 -0.60874 0.06245 -0.18887 -0.02038
101 0.45221 -0.37145 -0.09629 -0.43593 0.67929 -0.07863 0.36282 -0.26146 -0.51270 -0.17164 -0.66077 -1.09284 -0.48034 0.01823 -0.00272 0.73889 -0.49459 0.16137 -0.32159 -0.01753
102 0.43485 -0.28843 -0.00383 -0.45747 0.56456 -0.06772 0.36483 -0.34007 -0.47479 -0.17674 -0.65576 -1.10254 -0.55523 -0.01589 0.07497 0.67227 -0.55029 0.06859 -0.14861 -0.01766
103 0.52545 -0.28483 0.04479 -0.43581 0.54676 -0.13238 0.44111 -0.41519 -0.49153 -0.16838 -0.69246 -1.17948 -0.55476 -0.06282 0.07314 0.62965 -0.52119 0.04622 -0.07972 -0.03065
104 0.50424 -0.31428 0.04934 -0.41131 0.63870 -0.12077 0.40951 -0.44205 -0.48420 -0.19960 -0.68600 -1.13301 -0.54175 -0.03313 0.06274 0.64724 -0.53520 0.06664 -0.13267 -0.02611
105 0.52810 -0.33066 0.02963 -0.41151 0.58138 -0.19361 0.43675 -0.52028 -0.45592 -0.15531 -0.69305 -1.16410 -0.49497 -0.05365 0.10614 0.58066 -0.45801 0.08093 -0.09196 -0.01795
106 0.41775 -0.29073 0.06406 -0.43116 0.59230 -0.07562 0.41241 -0.32796 -0.51829 -0.20633 -0.65567 -1.16339 -0.58585 -0.03333 0.08499 0.69296 -0.58753 0.08852 -0.16286 -0.05827
107 0.46410 -0.24044 -0.11618 -0.47738 0.56995 -0.12327 0.39001 -0.38626 -0.50759 -0.19594 -0.59427 -1.11743 -0.62512 -0.01727 0.15575 0.64221 -0.57151 0.21131 -0.18567 -0.03274
108 0.44030 -0.28262 -0.04100 -0.39930 0.63870 -0.02563 0.40392 -0.33537 -0.57777 -0.23307 -0.58396 -1.15175 -0.57242 0.08061 0.16332 0.63603 -0.58853 0.22754 -0.13419 -0.05891
109 0.54541 -0.31299 -0.10854 -0.40217 0.61142 -0.18553 0.36595 -0.35016 -0.50044 -0.18570 -0.71530 -1.10002 -0.65941 0.05622 -0.03815 0.59109 -0.49336 0.00331 0.00926 -0.00621
110 0.51610 -0.31186 -0.10660 -0.42369 0.59592 -0.15443 0.38182 -0.33907 -0.50970 -0.17333 -0.66725 -1.10931 -0.64513 0.06422 0.02234 0.61315 -0.52741 0.05875 -0.05105 -0.00970
111 0.31410 -0.35221 -0.08133 -0.41666 0.50531 -0.09329 0.37006 -0.45708 -0.33709 -0.09865 -0.65304 -1.10239 -0.48659 0.12450 0.49354 0.58855 -0.65958 0.17754 -0.22608 -0.06386
112 0.05025 -0.04193 -0.07476 0.07108 -0.04083 -0.06674 0.05900 0.05812 0.00101 -0.02820 -0.02718 -0.05060 0.04858 0.01965 -0.02771 -0.02654 0.05236 -0.09027 0.04243 0.01283
113 0.01155 0.06501 -0.08414 0.04578 0.02449 0.06513 0.02196 0.06685 -0.02491 -0.09459 -0.03035 -0.06974 -0.02993 -0.01272 0.02017 0.07602 -0.06743 -0.01763 -0.01199 -0.00192
114 0.73682 0.08589 0.79468 -0.28649 0.22251 0.29518 0.48929 -0.22854 0.84584 -0.36584 -0.49909 0.76358 -0.10243 0.09959 0.13401 -0.62590 -0.04598 0.70833 -0.04381 0.47892
115 0.74426 0.09297 0.81015 -0.26387 0.19940 0.24604 0.51038 -0.23906 0.77854 -0.37879 -0.51363 0.74596 -0.12176 0.11317 0.14287 -0.62103 -0.03493 0.66538 -0.05971 0.48412
116 0.75991 0.06480 0.79896 -0.32095 0.26364 0.24862 0.52141 -0.26004 0.84973 -0.33099 -0.51001 0.86959 -0.13629 0.12312 0.13809 -0.68489 -0.03654 0.70488 -0.09013 0.49882
117 0.72423 0.13049 0.78911 -0.26711 0.21389 0.29400 0.50504 -0.22130 0.81824 -0.39819 -0.51069 0.81007 -0.09039 0.09153 0.18117 -0.63318 -0.05474 0.68961 -0.03911 0.44802
118 0.79146 0.09401 0.68226 -0.41825 0.17530 0.23631 0.49470 -0.30747 0.83933 -0.36157 -0.47575 0.75449 -0.12789 0.06118 0.05277 -0.62263 0.04427 0.70357 -0.05858 0.54059
119 0.72719 0.09867 0.79256 -0.30028 0.20516 0.27340 0.50159 -0.22339 0.80431 -0.36523 -0.50581 0.77123 -0.10586 0.09502 0.13748 -0.61638 -0.03463 0.70770 -0.04799 0.45738
120 0.73326 0.08863 0.79928 -0.27765 0.25624 0.25294 0.48460 -0.24251 0.83684 -0.34970 -0.51709 0.77558 -0.12274 0.10892 0.13926 -0.62412 -0.03755 0.69273 -0.06147 0.45966
121 0.71774 0.03597 0.80245 -0.25594 0.25307 0.26475 0.45845 -0.16878 0.78571 -0.39087 -0.47172 0.77797 -0.12386 0.16123 0.14634 -0.58937 -0.00225 0.62778 -0.05783 0.48411
122 -0.21675 -0.23195 0.37179 0.38411 -0.97671 -0.10044 -0.93609 -0.44075 0.38833 -0.56073 -0.31024 0.30293 0.25557 0.24958 0.69322 0.42531 0.08929 0.62066 -0.00152 -0.23554
123 -0.19132 -0.27328 0.39419 0.37780 -1.00683 -0.12922 -0.97379 -0.44427 0.40413 -0.53140 -0.26754 0.33908 0.24425 0.26882 0.69308 0.42623 0.10290 0.64014 -0.01901 -0.24573
124 -0.21440 -0.24647 0.33398 0.40014 -0.99855 -0.02204 -0.92538 -0.38999 0.31806 -0.60108 -0.31396 0.35643 0.27967 0.12971 0.68918 0.44865 0.07964 0.64794 -0.04987 -0.24771
125 -0.19022 -0.25313 0.34364 0.38603 -0.98295 -0.10288 -0.92286 -0.41910 0.35544 -0.55367 -0.26866 0.35216 0.25294 0.22617 0.66891 0.42992 0.10391 0.61459 -0.00566 -0.26057
126 0.11123 -0.02643 -0.06408 -0.06908 -0.02095 0.05105 -0.05538 0.03747 0.07160 0.03963 0.02511 -0.03388 0.07383 -0.03006 -0.04919 0.02799 0.09764 -0.08560 -0.05511 -0.02924
127 -0.17418 -0.25672 0.34722 0.39761 -1.00006 -0.09216 -0.93530 -0.43118 0.39346 -0.57726 -0.30102 0.30929 0.25313 0.23490 0.65262 0.42327 0.11214 0.60653 0.00805 -0.25811
128 -0.22713 -0.31287 0.35149 0.32697 -0.99203 -0.05177 -0.96456 -0.42797 0.31482 -0.60134 -0.32669 0.32150 0.23262 0.18093 0.66860 0.37341 0.05633 0.64896 -0.00116 -0.23459
129 -0.15387 -0.32345 0.34286 0.30785 -0.96410 -0.03545 -0.95719 -0.40859 0.33439 -0.64119 -0.30910 0.34261 0.23748 0.22152 0.61434 0.40839 0.07501 0.62863 -0.00363 -0.22711
130 -0.27537 -0.21923 0.27226 0.27224 -1.02209 -0.05841 -0.93472 -0.43863 0.39311 -0.58231 -0.26041 0.39595 0.17772 0.17836 0.73432 0.35009 0.04030 0.62271 -0.00575 -0.33072
131 -0.19077 -0.22662 0.35491 0.38076 -1.01029 -0.06639 -0.91235 -0.42747 0.34782 -0.57771 -0.31898 0.33510 0.26521 0.20301 0.65669 0.44057 0.08740 0.63512 0.00105 -0.21823
132 0.00422 -0.00733 -0.02812 0.01395 -0.03309 -0.03206 -0.00637 -0.00226 0.03415 -0.06821 0.03495 0.05669 0.09572 -0.00531 -0.02515 0.06082 0.07840 -0.02745 -0.02892 0.06785
133 -0.20807 -0.24020 0.31861 0.39489 -0.97696 -0.02757 -0.87308 -0.40664 0.33844 -0.59703 -0.29487 0.33206 0.28397 0.16851 0.67248 0.45212 0.10490 0.63632 -0.03911 -0.22903
134 0.08366 0.00265 -0.08060 0.02603 -0.08881 -0.06897 0.03261 0.07148 -0.00552 -0.00437 -0.06958 -0.03972 0.03449 -0.06722 -0.04467 0.01114 0.06088 -0.03772 -0.03806 -0.07663
135 -0.39230 -0.18526 0.35160 0.47494 -1.00223 -0.03339 -0.84134 -0.31423 0.27077 -0.53669 -0.50705 0.46663 0.32353 0.10283 0.70917 0.40237 -0.00181 0.69652 0.12375 -0.20671
136 -0.04500 -0.04422 -0.04660 0.09328 0.02160 -0.05240 0.01823 0.09395 -0.00579 -0.03115 -0.07469 -0.06141 0.02433 -0.09316 -0.01869 0.02614 0.07283 -0.00514 -0.01134 -0.06094
137 0.03826 -0.03663 -0.07328 -0.04927 0.01689 -0.00441 0.00745 0.01634 0.00913 0.02499 -0.03813 -0.00068 0.04305 0.01917 -0.05363 -0.05203 0.00062 -0.08958 -0.05331 0.00866
138 0.01810 -0.00670 -0.02715 0.00107 0.06590 0.02868 -0.08032 0.01738 -0.01067 0.03502 -0.02271 -0.04614 -0.04123 0.01447 -0.01409 -0.06821 0.08207 -0.07920 0.01259 -0.00417
139 -0.21461 -0.24831 0.33139 0.39300 -0.97066 -0.02106 -0.88380 -0.41651 0.31539 -0.58188 -0.30197 0.33094 0.25677 0.15952 0.70098 0.44357 0.05596 0.64150 -0.02843 -0.21661
140 -0.23082 -0.25452 0.33226 0.36682 -0.98341 -0.08065 -0.92799 -0.43190 0.36954 -0.58191 -0.30962 0.31825 0.25465 0.19814 0.68689 0.41583 0.08711 0.62288 0.02909 -0.22112
141 -0.21379 -0.23199 0.34581 0.35634 -0.97499 -0.05401 -0.90721 -0.40863 0.35092 -0.55988 -0.28669 0.34055 0.25772 0.19569 0.67333 0.42890 0.07453 0.62022 -0.01810 -0.23403
142 -0.21499 -0.24201 0.33097 0.38517 -0.99230 -0.01918 -0.90519 -0.41836 0.32718 -0.58514 -0.30577 0.35509 0.27168 0.17066 0.70888 0.45462 0.09694 0.63389 -0.03208 -0.25666
143 -0.22446 -0.26084 0.33830 0.39507 -0.98629 -0.03387 -0.87927 -0.39429 0.31245 -0.58977 -0.30111 0.32549 0.29910 0.15007 0.68840 0.44177 0.09703 0.63686 -0.04360 -0.24446
144 -0.25785 -0.25378 0.33361 0.36390 -0.97799 -0.03802 -0.90069 -0.41882 0.32674 -0.60817 -0.30917 0.33585 0.26557 0.13765 0.72181 0.44077 0.09075 0.64284 -0.02040 -0.22989
145 -0.23980 -0.26232 0.34267 0.37950 -1.01487 -0.04524 -0.90673 -0.39785 0.33140 -0.60820 -0.31363 0.32466 0.30296 0.16010 0.71266 0.46323 0.08464 0.62239 -0.03133 -0.20320
146 -0.04469 -0.06738 -0.11014 -0.00095 0.05996 -0.01170 -0.10209 0.07634 -0.00813 0.01862 -0.05405 -0.01052 -0.01549 -0.03250 -0.04107 0.03865 -0.02750 0.00210 -0.08092 0.00707
147 -0.21753 -0.23867 0.34112 0.39590 -0.96891 -0.01798 -0.90791 -0.39784 0.33898 -0.62073 -0.29729 0.32279 0.24890 0.15555 0.70287 0.43450 0.07569 0.61213 -0.00814 -0.23079
148 0.07282 0.03283 -0.03109 0.03996 -0.03137 -0.08196 -0.00621 0.08475 -0.02029 -0.06694 -0.11308 0.02303 -0.02573 -0.06247 0.00049 -0.03363 -0.06476 -0.02212 0.07851 -0.00214
149 -0.00366 0.03043 -0.00478 -0.06877 -0.08785 0.02491 -0.05835 0.00226 -0.03040 -0.03287 -0.06308 0.04550 -0.01618 -0.08845 0.05301 0.01435 0.02635 0.04774 -0.01677 -0.01232
150 -0.23651 -0.34442 0.30572 0.37176 -1.00832 -0.01373 -0.91403 -0.46644 0.32174 -0.60836 -0.32906 0.34966 0.27126 0.13216 0.62662 0.41197 0.12523 0.63578 0.02140 -0.28916
151 -0.25828 -0.32730 0.30806 0.35747 -0.98543 -0.03260 -0.89575 -0.43145 0.30777 -0.56350 -0.33395 0.36507 0.28302 0.17438 0.65058 0.44552 0.11556 0.67362 0.03577 -0.30446
152 -0.23353 -0.23804 0.32924 0.40969 -0.99218 -0.02436 -0.86322 -0.40614 0.32053 -0.57269 -0.30621 0.32130 0.25349 0.16602 0.68209 0.42917 0.07633 0.62961 -0.02572 -0.23408
153 -0.23228 -0.23857 0.30943 0.39904 -0.98594 -0.03658 -0.89651 -0.38795 0.32193 -0.60248 -0.31245 0.32854 0.28749 0.14253 0.66888 0.43115 0.07899 0.62719 -0.00635 -0.24969
154 -0.27572 -0.23515 0.27226 0.26814 -1.04540 -0.05328 -0.93075 -0.44174 0.38723 -0.57478 -0.23294 0.42834 0.15648 0.16060 0.74968 0.37843 0.05974 0.62904 -0.01512 -0.37573
155 -0.17331 -0.26054 0.35659 0.39404 -1.00025 -0.09291 -0.95971 -0.43869 0.38965 -0.54678 -0.30116 0.33527 0.25540 0.26737 0.67088 0.42063 0.10846 0.64073 -0.01176 -0.23228
156 -1.12938 -0.18499 0.45946 -0.33679 -0.14333 0.07211 -0.05617 -0.21207 0.15959 -0.24686 -0.02428 0.48424 -0.38001 -0.37578 -0.97146 0.30065 0.18797 -0.82713 -0.26405 -0.33269
157 -1.14101 -0.18394 0.47940 -0.31185 -0.14583 0.08285 0.01384 -0.19826 0.19888 -0.27188 -0.00227 0.52720 -0.40635 -0.45563 -1.03226 0.31651 0.20766 -0.84756 -0.26372 -0.32351
158 -1.21920 -0.17816 0.61478 -0.32402 -0.13811 -0.01899 -0.01600 -0.20735 0.07381 -0.30258 -0.01360 0.54307 -0.37751 -0.38521 -0.92180 0.31632 0.21262 -0.76815 -0.26812 -0.42867
159 -1.10842 -0.24226 0.52881 -0.41301 -0.17341 -0.00075 -0.03630 -0.21387 0.19868 -0.26794 0.00993 0.47123 -0.40900 -0.37795 -0.99690 0.32346 0.15104 -0.88309 -0.33999 -0.34943
160 -1.11505 -0.23098 0.47350 -0.37233 -0.16358 0.06677 0.03297 -0.20329 0.20739 -0.29893 -0.06271 0.51138 -0.36398 -0.43690 -0.98023 0.30595 0.18095 -0.84134 -0.25009 -0.32469
161 -1.16451 -0.18893 0.52015 -0.36956 -0.22059 -0.00676 -0.00470 -0.27322 0.17958 -0.29932 -0.04943 0.50733 -0.38670 -0.44749 -1.01675 0.29632 0.19945 -0.85479 -0.24048 -0.37088
162 0.23711 0.24608 -0.94625 0.03276 -0.45485 -0.20960 0.35612 -1.00201 -0.29150 -0.09916 0.06274 0.49726 0.17756 -0.93216 -0.12047 0.11995 -0.03652 -0.31035 -0.67128 -0.27171
163 0.21681 0.23214 -0.93905 0.02048 -0.47452 -0.20513 0.38266 -1.02700 -0.28148 -0.06095 0.07726 0.54921 0.17999 -0.97263 -0.12092 0.11857 -0.02593 -0.30339 -0.68820 -0.25688
164 0.22352 0.18570 -0.87298 -0.06682 -0.43109 -0.24235 0.33523 -1.04534 -0.24440 -0.07510 0.14993 0.65239 0.17863 -0.94751 -0.06059 0.09642 -0.07771 -0.36276 -0.72867 -0.24527
165 0.24146 0.24646 -0.98346 0.01367 -0.48280 -0.22518 0.32566 -0.98927 -0.28681 -0.06644 0.05783 0.47885 0.13699 -0.93811 -0.11181 0.17095 -0.09045 -0.25059 -0.67064 -0.30558
166 0.22263 0.26534 -0.99593 0.00845 -0.52265 -0.21279 0.34678 -1.00852 -0.28207 -0.06595 0.11289 0.51462 0.14821 -0.95436 -0.11528 0.15972 -0.11646 -0.25943 -0.65002 -0.28861
167 -0.11233 0.61493 -0.05949 -0.13070 -0.50136 0.57332 -0.25305 -0.47125 0.36202 -0.75492 -0.80146 -0.32436 -0.73157 -0.06923 -0.08549 -0.27400 0.03814 0.05275 0.92779 0.38185
168 -0.12056 0.65745 -0.12799 -0.17534 -0.54902 0.65286 -0.28155 -0.44845 0.38959 -0.71916 -0.75060 -0.33598 -0.78958 -0.12676 0.03809 -0.23509 -0.00673 0.08146 0.87804 0.40713
169 -0.08855 0.62576 -0.08304 -0.18636 -0.54100 0.62033 -0.26400 -0.47608 0.38473 -0.74124 -0.78101 -0.35014 -0.78312 -0.11208 0.00794 -0.25584 -0.00227 0.08610 0.89663 0.40283
170 -0.11195 0.64715 -0.12756 -0.14960 -0.53036 0.65887 -0.29334 -0.47858 0.41161 -0.74643 -0.77812 -0.36996 -0.81078 -0.11916 0.02376 -0.25057 -0.01375 0.11753 0.92838 0.42020
171 -0.11906 0.59731 -0.07456 -0.11901 -0.47857 0.56103 -0.29472 -0.43941 0.36850 -0.72209 -0.75721 -0.31519 -0.72832 -0.09193 -0.03521 -0.25054 -0.00087 0.06854 0.90285 0.37528
172 -0.14553 0.59056 -0.07261 -0.15708 -0.50242 0.58237 -0.27571 -0.46396 0.37017 -0.75454 -0.78974 -0.33404 -0.75561 -0.08077 -0.07230 -0.27208 0.00712 0.03363 0.94472 0.38079
173 -0.10931 0.57281 -0.07913 -0.13295 -0.47112 0.55826 -0.27650 -0.43365 0.34745 -0.72866 -0.76735 -0.31838 -0.73488 -0.10343 -0.05410 -0.24611 0.02227 0.04992 0.90500 0.38971
174 -0.12820 0.58870 -0.04233 -0.15558 -0.44407 0.56181 -0.30747 -0.49060 0.34079 -0.77606 -0.86400 -0.34669 -0.72300 -0.12271 -0.13044 -0.29311 0.01593 0.03103 1.01704 0.38765
175 -0.09759 0.65325 -0.10863 -0.13579 -0.57791 0.63274 -0.27120 -0.50089 0.39019 -0.77183 -0.80601 -0.35547 -0.82002 -0.09221 -0.00167 -0.24383 0.01830 0.09311 0.90642 0.42452
176 0.17998 0.29056 -0.00150 -0.54608 -0.05602 -0.07291 0.67637 -0.08933 0.51441 0.31022 -0.36610 0.93389 -0.17736 -0.23303 0.66542 0.88510 0.81112 0.21263 0.43971 -0.32395
177 0.33865 0.46055 -0.17382 -0.45547 0.15412 -0.15194 0.64415 -0.02204 0.41232 0.29576 -0.42341 0.88827 -0.26443 -0.02192 0.55149 0.85230 0.69468 0.10894 0.54126 -0.39353
178 0.36813 0.48118 -0.15580 -0.44893 0.16595 -0.15590 0.62596 -0.04260 0.40004 0.25312 -0.43149 0.89763 -0.27849 -0.00030 0.52935 0.82511 0.63011 0.09839 0.52970 -0.41459
179 0.33536 0.48736 -0.15987 -0.45638 0.19001 -0.15061 0.63157 -0.02535 0.40490 0.29102 -0.40444 0.90780 -0.26522 -0.02226 0.55892 0.86025 0.67264 0.09095 0.53202 -0.41822
180 0.40941 0.49881 -0.22016 -0.49850 0.24417 -0.13278 0.62167 -0.02491 0.41118 0.25072 -0.44655 0.89915 -0.36957 0.09332 0.55479 0.85594 0.67920 0.10830 0.58433 -0.41639
181 0.39602 0.53130 -0.22465 -0.48600 0.21861 -0.13355 0.65173 -0.05107 0.45211 0.28327 -0.42551 0.89657 -0.32806 0.06438 0.54111 0.85289 0.63865 0.14666 0.57093 -0.44237
182 0.35158 0.46236 -0.16283 -0.46007 0.20902 -0.12368 0.60856 -0.00844 0.38270 0.27099 -0.42594 0.84788 -0.27457 0.01318 0.51421 0.78589 0.63919 0.09518 0.54764 -0.38244
183 0.31119 0.46752 -0.16999 -0.44779 0.16308 -0.14155 0.64236 -0.01210 0.42196 0.29766 -0.42068 0.91142 -0.24229 -0.01858 0.56237 0.82535 0.67195 0.08673 0.52769 -0.41415
184 0.33360 0.48454 -0.14844 -0.46102 0.16765 -0.14005 0.62412 -0.00940 0.40001 0.29239 -0.42612 0.92087 -0.25371 -0.02765 0.54495 0.83064 0.66450 0.09057 0.55561 -0.41517
185 0.40884 0.51604 -0.21882 -0.47105 0.24308 -0.11657 0.60710 -0.03966 0.42209 0.26999 -0.43578 0.90317 -0.33828 0.09639 0.53846 0.83779 0.63623 0.11871 0.57692 -0.41018
186 0.39679 0.53153 -0.23330 -0.47250 0.22369 -0.16707 0.62487 -0.05205 0.42190 0.24261 -0.38564 0.86859 -0.35030 0.06909 0.51519 0.84010 0.65902 0.13568 0.58590 -0.41847
187 0.36709 0.51219 -0.12877 -0.49059 0.21154 -0.14555 0.61275 -0.01859 0.41945 0.30915 -0.42768 0.89446 -0.27821 0.01190 0.55240 0.83918 0.65427 0.10575 0.54657 -0.41795
188 0.36301 -0.23847 -0.09280 -0.75353 0.43765 0.18978 -0.30995 0.07211 0.09012 -0.40246 0.14173 -0.57837 -0.47858 0.61256 0.67034 -0.40890 1.21107 0.07947 -0.22923 -0.44977
189 0.34597 -0.23257 -0.06636 -0.70964 0.41944 0.19645 -0.32818 0.06726 0.08887 -0.39512 0.16232 -0.58403 -0.46858 0.59276 0.64152 -0.37952 1.17530 0.07426 -0.22335 -0.42976
190 0.39091 -0.25185 -0.08263 -0.72505 0.43407 0.21210 -0.29798 0.07163 0.06202 -0.37280 0.14848 -0.56608 -0.47098 0.62640 0.63117 -0.39523 1.20611 0.08783 -0.23153 -0.46478
191 0.37122 -0.24885 -0.08515 -0.73404 0.43427 0.20477 -0.31356 0.07448 0.07516 -0.38765 0.13225 -0.55084 -0.48354 0.59179 0.64726 -0.37608 1.17975 0.08440 -0.22237 -0.42616
192 0.34516 -0.23552 -0.08073 -0.74922 0.43401 0.18476 -0.34294 0.05316 0.09425 -0.42143 0.15287 -0.59366 -0.49164 0.61746 0.66105 -0.38174 1.17190 0.07322 -0.19542 -0.43958
193 0.05265 -0.62458 -0.02319 -0.48041 -0.32342 -0.08138 -0.20279 0.25342 -0.71488 -0.43402 -0.11161 0.79723 -0.05592 0.46087 0.09088 -0.42724 0.95286 0.12103 0.59839 -0.59750
194 0.05306 -0.61030 -0.00369 -0.49015 -0.30541 -0.10414 -0.18795 0.24265 -0.75906 -0.44978 -0.07401 0.85411 -0.06660 0.46783 0.06594 -0.42986 0.96663 0.13373 0.66946 -0.63282
195 0.03853 -0.60753 -0.03302 -0.48844 -0.33025 -0.09076 -0.20851 0.24889 -0.76462 -0.42936 -0.11789 0.84759 -0.03832 0.50936 0.05302 -0.45417 0.96833 0.12303 0.62699 -0.64553
196 0.06665 -0.63046 0.02016 -0.51064 -0.31475 -0.08494 -0.18271 0.25970 -0.77575 -0.46282 -0.06293 0.79821 -0.04071 0.47988 0.08179 -0.48769 0.96195 0.12692 0.62091 -0.64895
197 0.06535 -0.60673 0.01303 -0.50949 -0.29978 -0.08528 -0.18014 0.27196 -0.74140 -0.38505 -0.10648 0.82892 -0.04550 0.46971 0.07061 -0.45102 0.93584 0.14455 0.66098 -0.66505
198 0.06974 -0.58945 0.01842 -0.51053 -0.32168 -0.09737 -0.16779 0.25451 -0.74555 -0.41974 -0.10113 0.78283 -0.06366 0.45705 0.06589 -0.43866 0.93211 0.11076 0.64726 -0.63658
199 -0.01289 0.06905 -0.01947 0.04102 0.00961 0.02338 0.01131 0.05054 0.03061 -0.08341 -0.05576 0.02805 -0.01920 0.01496 -0.01429 0.00667 0.00816 -0.11657 0.04814 -0.04552
200 0.08173 0.00125 -0.04583 -0.07269 -0.04829 -0.08602 0.02600 0.12226 0.01673 -0.04473 -0.02068 -0.07028 -0.00560 -0.07940 -0.06971 0.05456 0.06428 -0.04544 -0.05191 0.07337
201 0.01938 -0.07199 -0.03242 0.00768 0.03420 0.04441 -0.05636 0.00635 0.06901 -0.06036 -0.04003 -0.07674 0.05798 0.04217 -0.00540 -0.03114 0.10295 -0.05116 -0.01760 -0.05757
202 -0.04285 -0.15988 -1.19433 -0.13827 0.32351 -0.41628 -0.75232 0.57689 0.35101 -0.42932 0.10581 0.73929 0.01777 -0.23235 -0.17877 -0.30034 0.20701 0.56354 -0.24060 -0.37540
203 -0.05269 -0.17707 -1.21628 -0.13062 0.30474 -0.41744 -0.75435 0.58340 0.37837 -0.42940 0.08681 0.75196 0.02284 -0.23801 -0.18146 -0.32071 0.17559 0.55773 -0.22354 -0.38934
204 -0.08083 -0.17815 -1.23553 -0.12862 0.30131 -0.41137 -0.76453 0.56063 0.35025 -0.44379 0.12284 0.78474 0.03679 -0.21636 -0.18309 -0.32267 0.21073 0.58554 -0.26843 -0.37549
205 -0.06258 -0.11156 -1.23904 -0.12399 0.24464 -0.44413 -0.79223 0.54797 0.38563 -0.44877 0.09753 0.75773 0.04455 -0.26254 -0.20345 -0.33725 0.19652 0.54634 -0.28479 -0.31798
206 0.09910 -0.00990 -0.05675 -0.03917 0.03267 0.00078 -0.08524 0.08865 0.00387 0.06061 -0.00231 0.02080 -0.04856 -0.01037 -0.02486 -0.02158 0.06687 -0.05601 0.05083 -0.00977
207 -0.04683 -0.16925 -1.23130 -0.13283 0.29078 -0.40748 -0.77638 0.61102 0.35209 -0.42054 0.12773 0.74954 -0.00355 -0.23632 -0.19429 -0.34583 0.19202 0.59183 -0.28277 -0.32925
208 -0.08505 -0.15927 -1.24622 -0.13949 0.30591 -0.41676 -0.77567 0.58130 0.35697 -0.38492 0.12663 0.75914 0.01903 -0.22680 -0.23272 -0.31855 0.21971 0.57683 -0.23232 -0.35547
209 -0.10443 -0.10855 -1.23248 -0.13644 0.18588 -0.42983 -0.77121 0.48612 0.37373 -0.45756 0.11439 0.81231 0.09833 -0.28408 -0.20559 -0.41880 0.17112 0.54376 -0.29141 -0.27849
210 -0.02037 -0.18557 -1.23332 -0.15418 0.34371 -0.42057 -0.76745 0.61571 0.34835 -0.41978 0.10947 0.76546 -0.00489 -0.20768 -0.22775 -0.30652 0.20220 0.57392 -0.25038 -0.36717
211 -0.07215 -0.18046 -1.23032 -0.11967 0.31951 -0.38896 -0.73642 0.55139 0.34485 -0.42595 0.10433 0.76339 -0.00450 -0.25317 -0.17797 -0.30010 0.20444 0.55226 -0.26993 -0.34643
212 0.50121 -0.57022 0.80232 0.48240 -0.87217 0.24036 0.11482 -0.54653 -0.25958 0.70178 -0.14614 -0.43963 -0.01757 -0.43683 0.57291 -0.37956 -0.27610 -0.31786 -0.53289 0.50995
213 0.64563 -0.81462 0.58190 0.61992 -0.81287 0.10544 0.18472 -0.60424 -0.35808 0.53896 -0.00720 -0.48102 -0.00003 -0.15462 0.72589 -0.51146 -0.20406 -0.23955 -0.50974 0.46060
214 0.56924 -0.74575 0.54449 0.60029 -0.77091 0.09445 0.16233 -0.59254 -0.36551 0.51625 0.02546 -0.44872 -0.02837 -0.15107 0.66622 -0.50433 -0.19472 -0.25300 -0.48640 0.43199
215 0.56859 -0.73702 0.54474 0.54439 -0.70988 0.11453 0.14243 -0.56953 -0.31407 0.49308 0.04485 -0.44203 -0.01847 -0.13675 0.62292 -0.47627 -0.18346 -0.24294 -0.44610 0.42361
216 0.49752 -0.86283 0.55482 0.57691 -0.91134 0.08826 0.09431 -0.60995 -0.34238 0.52501 0.05620 -0.51655 -0.13365 -0.09613 0.62983 -0.55677 -0.33577 -0.35890 -0.38551 0.41541
217 0.55826 0.81883 0.98675 -0.24205 -0.13571 0.33805 -0.24989 -0.68642 -0.13562 0.41147 0.08538 0.21134 -0.11491 0.55208 -0.52237 0.54094 -0.40236 -0.08723 -0.03127 -0.57772
218 0.62581 0.83444 0.93914 -0.23656 -0.19318 0.30309 -0.31797 -0.77847 -0.17442 0.39878 0.20982 0.19871 -0.16642 0.50293 -0.54036 0.54910 -0.33235 -0.08864 -0.11092 -0.62050
219 0.62295 0.88259 1.00973 -0.24729 -0.15263 0.34169 -0.27717 -0.75788 -0.15032 0.41766 0.14889 0.20248 -0.10619 0.58350 -0.53401 0.54779 -0.38803 -0.05586 -0.04913 -0.59480
220 0.56177 0.84442 0.99008 -0.23131 -0.16568 0.37446 -0.24012 -0.64388 -0.12613 0.45858 0.07889 0.24203 -0.08873 0.57481 -0.52276 0.54405 -0.43392 -0.05463 -0.04027 -0.56022
221 0.54805 0.77748 1.00142 -0.21332 -0.12992 0.38668 -0.22785 -0.65052 -0.13646 0.41493 0.07276 0.23622 -0.05294 0.55171 -0.45251 0.49219 -0.41506 -0.06573 0.03430 -0.61565
222 0.01299 -0.70434 0.37075 0.28268 0.58739 -0.23848 0.00409 -0.05780 -0.45463 -0.50727 0.84859 1.00130 -0.69793 0.04607 0.57966 -0.36015 -0.11463 0.12931 -0.15534 -0.28902
223 0.05808 -0.67970 0.38524 0.30238 0.62216 -0.23279 0.03439 -0.07277 -0.42510 -0.52518 0.86266 0.99154 -0.70884 0.01038 0.59138 -0.33863 -0.13448 0.07937 -0.16255 -0.25614
224 0.02969 -0.66814 0.37208 0.30813 0.59665 -0.23171 0.00303 -0.07170 -0.40793 -0.49901 0.82164 0.98823 -0.69881 0.01086 0.59883 -0.37106 -0.11279 0.12838 -0.18672 -0.28405
225 0.06032 -0.67407 0.39834 0.29502 0.58796 -0.22852 -0.00522 -0.07322 -0.42027 -0.49782 0.84361 0.99831 -0.73435 0.01232 0.57843 -0.36409 -0.13038 0.11564 -0.16415 -0.28223
226 0.06975 -0.70775 0.36710 0.28262 0.57734 -0.22188 0.02650 -0.06059 -0.42895 -0.52564 0.85955 1.00498 -0.72084 0.03396 0.58380 -0.35340 -0.12235 0.11265 -0.19494 -0.30160
227 -0.57483 0.14267 0.44277 0.44700 1.00978 -0.30620 -0.33059 -0.20174 0.92979 0.81412 0.12351 -0.14321 -0.47858 -0.01494 0.25927 -0.11115 -0.05525 0.11224 -0.23900 0.58549
228 -0.53313 0.08272 0.28439 0.51046 0.91173 -0.21943 -0.34054 -0.35015 0.89777 0.88863 0.12071 -0.19029 -0.36530 -0.03031 0.21419 -0.37656 0.04897 0.07571 -0.10340 0.57167
229 -0.53809 0.16327 0.34672 0.51887 0.93399 -0.18980 -0.29105 -0.31645 0.86596 0.91125 0.13764 -0.20631 -0.40505 0.00510 0.20248 -0.35451 -0.00808 0.11374 -0.14809 0.56356
230 -0.52589 0.14671 0.26429 0.53532 0.94548 -0.15678 -0.28370 -0.37490 0.81395 0.94516 0.18892 -0.31818 -0.44019 -0.02103 0.12528 -0.35985 0.00295 0.17318 -0.20380 0.59606
231 -0.53105 0.16684 0.31072 0.51378 0.92305 -0.16972 -0.30416 -0.31432 0.82573 0.90572 0.13628 -0.20437 -0.39142 0.00070 0.25139 -0.34910 0.03999 0.10444 -0.09975 0.54801
232 -0.56643 0.10147 0.52796 0.37107 1.05314 -0.31873 -0.32972 -0.14001 0.92707 0.82324 0.07699 -0.14004 -0.44580 0.06399 0.18307 -0.15322 -0.16290 0.17669 -0.06221 0.58989
233 -0.57829 0.10704 0.27108 0.47941 0.76307 -0.18976 -0.40822 -0.41964 1.02240 0.91641 0.23170 -0.15618 -0.27852 -0.16107 0.32931 -0.55058 0.07977 -0.04533 -0.08557 0.59211
234 -0.57872 0.10023 0.31586 0.47150 0.75391 -0.23362 -0.42083 -0.39583 0.99286 0.86304 0.20684 -0.11149 -0.27919 -0.15310 0.29952 -0.51276 0.10200 -0.07750 -0.11264 0.58805
235 -0.57377 0.12147 0.31424 0.49757 0.72695 -0.26814 -0.39533 -0.40565 1.05432 0.92018 0.22043 -0.10343 -0.25785 -0.16539 0.30015 -0.54541 0.07942 -0.08576 -0.14152 0.60751
236 -0.57813 0.20988 0.38757 0.48074 0.96446 -0.13062 -0.29662 -0.35986 0.77416 0.96445 0.14622 -0.16810 -0.46497 0.08326 0.31217 -0.33218 -0.03881 0.10433 -0.04562 0.63932
237 -0.42123 -0.04259 0.59543 0.52822 1.16324 -0.34566 -0.27136 -0.27914 0.61696 0.89324 0.12604 0.00117 -0.49895 0.25585 0.29427 -0.45003 0.20736 0.09255 -0.13955 0.50437
238 -0.61142 0.21207 0.33644 0.48222 0.89483 -0.01894 -0.29369 -0.36914 0.77647 1.03556 0.05409 -0.22697 -0.30785 0.14805 0.41130 -0.49103 0.01021 0.14769 0.17455 0.47189
239 -0.56286 0.26461 0.38750 0.46747 0.90888 -0.12450 -0.25598 -0.31374 0.80449 1.01196 0.01848 -0.14946 -0.35294 0.13700 0.39289 -0.48525 -0.12395 0.14325 0.06901 0.40267
240 -0.56862 0.26667 0.44484 0.42299 0.89304 -0.15212 -0.24481 -0.28794 0.78281 1.04314 -0.00301 -0.09889 -0.35803 0.16131 0.40431 -0.51231 -0.14582 0.14393 0.03267 0.41291
241 -0.58236 0.33981 0.42570 0.46683 0.86778 -0.12453 -0.23854 -0.29635 0.79326 1.06100 -0.05040 -0.07007 -0.40749 0.21278 0.42928 -0.52409 -0.16268 0.16466 0.08796 0.34740
242 -0.59254 0.32233 0.40899 0.46708 0.87621 -0.08586 -0.24410 -0.32021 0.75633 1.08936 -0.04776 -0.12215 -0.37987 0.21823 0.47321 -0.56011 -0.13154 0.17780 0.13405 0.30668
243 -0.67842 0.16930 0.20816 0.68361 0.86974 -0.02916 -0.34546 -0.42584 0.89510 0.87096 0.13263 -0.23077 -0.31732 -0.13486 0.24879 -0.38651 0.26369 0.04289 -0.09610 0.71361
244 -0.56670 0.19871 0.41411 0.46451 1.00681 -0.22485 -0.39298 -0.22379 0.88932 0.94170 0.02093 -0.16661 -0.43881 0.11454 0.15017 -0.30472 -0.13491 0.16934 -0.05666 0.63245
245 -0.64177 0.12982 0.20437 0.67493 0.87835 -0.01976 -0.32338 -0.43286 0.86112 0.86917 0.16924 -0.27162 -0.29067 -0.10254 0.24988 -0.39866 0.31285 0.05146 -0.07919 0.71586
246 -0.58884 0.32425 0.43737 0.43700 0.87547 -0.09527 -0.21758 -0.32551 0.76258 1.10592 -0.02037 -0.13883 -0.35401 0.21967 0.48722 -0.56270 -0.13725 0.14024 0.12437 0.35429
247 -0.56970 0.31795 0.41784 0.45234 0.87675 -0.15485 -0.23612 -0.32051 0.80791 1.10497 -0.02854 -0.10397 -0.37390 0.15843 0.46212 -0.59327 -0.18860 0.11486 0.07485 0.33736
248 -0.50430 0.15263 0.30839 0.49164 0.88706 -0.25064 -0.34214 -0.32904 0.95716 0.92661 0.15660 -0.16588 -0.39509 -0.06510 0.21309 -0.42821 -0.01426 0.04143 -0.19793 0.56275
249 -0.56824 0.16191 0.41237 0.47147 1.04449 -0.24451 -0.32595 -0.27048 0.91111 0.86061 0.14268 -0.16855 -0.47376 -0.00054 0.27746 -0.22974 -0.05962 0.16223 -0.17127 0.60051
250 0.03219 -0.03568 0.06731 0.06471 0.04087 0.02930 -0.02424 0.07363 -0.08510 -0.08491 -0.04457 -0.04575 -0.07061 -0.04842 0.00028 -0.02939 0.03399 0.00791 0.05874 0.05851
251 -0.58419 -0.05237 0.36422 0.46093 1.04267 0.07636 -0.33288 -0.32936 0.76609 0.90866 0.28936 -0.44465 -0.18259 0.11598 0.36233 -0.22053 0.25265 0.26262 0.38263 0.67110
252 -0.53791 0.15636 0.34863 0.48397 0.94972 -0.16925 -0.29738 -0.29589 0.83376 0.87994 0.16106 -0.22407 -0.40566 0.03815 0.24360 -0.32122 0.03539 0.12601 -0.09262 0.56377
253 -0.61326 -0.07245 0.39365 0.46176 1.03193 0.13076 -0.34809 -0.33903 0.67843 0.83845 0.31862 -0.47158 -0.20313 0.14994 0.38165 -0.17502 0.27276 0.30623 0.43145 0.62609
254 -0.45270 -0.07882 0.58274 0.52906 1.15171 -0.31334 -0.30083 -0.30353 0.64985 0.90605 0.17457 -0.02551 -0.49338 0.19707 0.29666 -0.44703 0.19933 0.13021 -0.11878 0.50428
255 -0.56981 0.16219 0.44482 0.41307 1.00681 -0.26072 -0.33672 -0.19432 0.92498 0.88811 0.09469 -0.15284 -0.43793 0.06034 0.17714 -0.25430 -0.10611 0.15047 -0.10269 0.58427
256 -0.60249 -0.08503 0.39468 0.43359 1.05405 0.09027 -0.34926 -0.34289 0.73587 0.86857 0.33535 -0.42963 -0.18439 0.13286 0.38006 -0.20521 0.25625 0.27573 0.41775 0.71204
257 -0.56631 0.18683 0.48315 0.41920 1.03105 -0.29056 -0.35883 -0.15944 0.93235 0.89990 -0.02343 -0.07369 -0.46620 0.11574 0.15552 -0.23894 -0.19650 0.14882 -0.08979 0.58535
258 -0.36633 0.14993 0.33624 0.32917 0.81361 -0.29339 -0.33994 -0.27630 1.08221 1.02267 0.22800 -0.10050 -0.28996 0.05835 0.20055 -0.46918 -0.14220 -0.15404 -0.36974 0.61773
259 -0.51329 0.13708 0.23129 0.53536 0.96045 -0.12422 -0.29095 -0.38896 0.79979 0.96441 0.25541 -0.36843 -0.43243 -0.05986 0.11049 -0.36418 0.00505 0.19491 -0.21015 0.63037
260 -0.54096 0.16128 0.27194 0.51080 0.95921 -0.13477 -0.28715 -0.36360 0.81171 0.93129 0.21138 -0.31656 -0.42409 -0.05718 0.13715 -0.34969 0.01177 0.19611 -0.17927 0.60738
261 -0.56366 0.12855 0.40316 0.46110 1.05218 -0.18432 -0.32775 -0.25512 0.86130 0.91530 0.17025 -0.26793 -0.44353 0.04937 0.16131 -0.22522 -0.06121 0.22058 -0.04686 0.61903
262 -0.65676 0.06178 0.72919 0.27081 1.12135 -0.43073 -0.31663 0.02451 0.97957 0.76620 0.06232 0.00169 -0.46949 0.04594 0.29967 -0.01885 -0.23638 0.20757 0.02512 0.53181
263 -0.38564 0.12594 0.35195 0.32393 0.81944 -0.27721 -0.36679 -0.27412 1.12096 1.03373 0.25017 -0.11200 -0.25726 0.02229 0.21341 -0.45732 -0.14027 -0.15894 -0.32649 0.63220
264 -0.52238 0.04412 0.26653 0.55921 0.82647 -0.28978 -0.37498 -0.41745 1.00751 0.92245 0.12281 -0.11938 -0.29721 -0.10578 0.19061 -0.47948 0.09320 -0.05184 -0.20149 0.60803
265 -0.56013 0.18460 0.37884 0.57188 0.90919 -0.19140 -0.28296 -0.36249 0.84221 0.92345 0.11814 -0.21242 -0.37029 0.20468 0.21562 -0.31648 -0.04307 0.03424 -0.00154 0.62942
266 -0.52816 0.11646 0.28806 0.53203 0.90664 -0.25950 -0.31962 -0.35335 0.89640 0.91045 0.08704 -0.17178 -0.37075 -0.03721 0.20809 -0.40185 0.02207 0.07512 -0.12810 0.55162
267 -0.51313 0.15050 0.37178 0.46712 0.89681 -0.26184 -0.31893 -0.30994 0.94850 0.93227 0.15482 -0.14311 -0.37424 0.01192 0.24104 -0.42446 -0.05464 0.02572 -0.15634 0.55784
268 0.65512 -0.30135 -0.10230 -0.36231 -0.00425 0.40441 0.10891 0.16130 1.12819 0.31976 -0.34363 -0.38309 0.65690 -0.32444 -0.72127 0.53858 -0.14629 0.63999 0.20408 -0.09881
269 0.67282 -0.33000 -0.13759 -0.36760 0.02767 0.43906 0.12682 0.13836 1.09662 0.30851 -0.34189 -0.36644 0.67238 -0.32775 -0.79323 0.51652 -0.12523 0.65376 0.14061 -0.03634
270 0.69031 -0.31516 -0.12551 -0.36127 0.00156 0.43368 0.09860 0.16040 1.06359 0.30585 -0.35325 -0.37054 0.63384 -0.32927 -0.77428 0.53938 -0.13944 0.65298 0.17270 -0.04009
271 0.70831 -0.33361 -0.09927 -0.39340 0.03595 0.42745 0.10939 0.13381 1.11376 0.35124 -0.38845 -0.41913 0.65553 -0.29351 -0.79947 0.56803 -0.16947 0.67021 0.16381 -0.02372
272 0.70671 -0.32046 -0.07178 -0.40016 0.05020 0.41337 0.08259 0.16319 1.11430 0.30815 -0.43270 -0.40663 0.68078 -0.32080 -0.86330 0.59230 -0.19155 0.65602 0.17776 -0.03799
273 1.02705 -0.11839 0.35378 0.02616 -0.00515 -0.16925 -0.08625 0.31664 0.01029 -0.82326 0.33236 0.50712 -0.51150 0.12956 0.09327 0.37195 -0.45974 -0.89107 0.17936 0.82893
274 1.04477 -0.10913 0.32528 0.05368 -0.02196 -0.15556 -0.10924 0.32308 0.01347 -0.80843 0.30188 0.50652 -0.46200 0.18907 0.06656 0.46459 -0.42846 -0.87972 0.12813 0.91466
275 1.02140 -0.10328 0.49183 0.12804 -0.02266 0.11632 0.18986 0.35340 -0.07914 -0.85579 0.32287 0.42853 -0.38120 0.03643 0.07294 -0.04099 -0.38835 -0.98956 0.44921 0.83035
276 1.02561 -0.11753 0.50733 0.11886 0.03887 0.04128 0.17391 0.35447 -0.10065 -0.88556 0.31515 0.44209 -0.40126 0.07635 0.05278 0.02745 -0.39575 -0.97299 0.39191 0.90607
277 0.96117 -0.12266 0.33671 0.03054 0.00460 -0.14186 -0.07519 0.27495 -0.00325 -0.77940 0.32827 0.47485 -0.46105 0.13199 0.06591 0.36927 -0.40733 -0.83379 0.14078 0.79631
278 1.04235 -0.09298 0.36403 0.06301 0.00911 -0.20232 -0.05831 0.28327 0.03066 -0.84139 0.30130 0.50677 -0.52937 0.21694 0.06778 0.41022 -0.46467 -0.92998 0.15730 0.87458
279 0.99753 -0.10872 0.35665 0.05715 0.02066 -0.18566 -0.06781 0.27379 0.01089 -0.82427 0.32166 0.53252 -0.47840 0.19447 0.10419 0.39242 -0.40253 -0.86897 0.15398 0.88090
280 1.03802 -0.11111 0.33441 0.05751 -0.00071 -0.14071 -0.08171 0.31297 0.01041 -0.80581 0.30548 0.50956 -0.44558 0.16779 0.04654 0.40307 -0.41353 -0.86839 0.14854 0.86730
281 -0.34183 0.18688 -0.00699 -0.28289 -0.24613 0.63760 0.96359 -0.47263 0.03128 -0.35282 1.07299 0.25213 0.24248 -0.13923 -0.17661 -0.53231 -0.78441 0.53057 -0.08318 -0.09289
282 -0.41746 0.19820 -0.02775 -0.21548 -0.21782 0.71907 0.86972 -0.31662 -0.02210 -0.36836 0.99109 0.26641 0.36221 -0.11760 -0.16572 -0.64419 -0.70994 0.60801 -0.06612 -0.05870
283 -0.37383 0.20795 0.01213 -0.26009 -0.25923 0.62263 0.90587 -0.41772 0.04270 -0.36780 1.06471 0.22593 0.24159 -0.11790 -0.18205 -0.54108 -0.74993 0.53356 -0.06731 -0.08412
284 -0.40560 0.21465 -0.01523 -0.22270 -0.21988 0.68570 0.83806 -0.37342 0.00899 -0.34076 0.99986 0.26673 0.34516 -0.09284 -0.19078 -0.60586 -0.71384 0.58939 -0.05037 -0.06800
285 -0.38484 0.19917 -0.00194 -0.29610 -0.24352 0.62956 0.92975 -0.43915 0.02129 -0.35458 1.10180 0.25634 0.25627 -0.06448 -0.17227 -0.59057 -0.77445 0.55715 -0.06071 -0.11635
286 1.10562 -0.33752 -0.19426 -0.11267 0.35721 0.57643 0.55252 0.83845 -0.39053 0.81343 -0.23279 0.05275 0.40756 0.16373 0.30036 -0.42053 0.32176 -0.01520 -0.50612 -0.54456
287 1.04899 -0.31064 -0.18438 -0.07291 0.33797 0.54666 0.52445 0.78892 -0.33422 0.81699 -0.16883 0.00329 0.37324 0.15683 0.31331 -0.38785 0.28116 -0.02000 -0.47990 -0.53532
288 1.03713 -0.29799 -0.21222 -0.05780 0.34944 0.53936 0.52733 0.80887 -0.35508 0.81726 -0.17296 0.04239 0.34929 0.12831 0.35418 -0.38106 0.25101 0.00463 -0.48417 -0.50767
289 1.08171 -0.32722 -0.17944 -0.09787 0.28412 0.58054 0.57465 0.73330 -0.39317 0.74894 -0.22490 0.01563 0.46479 0.20818 0.25967 -0.47375 0.37296 -0.10147 -0.43452 -0.49246
290 1.06622 -0.38088 -0.16610 -0.15094 0.23992 0.58085 0.62806 0.62237 -0.35917 0.73753 -0.24210 0.00765 0.53632 0.27916 0.25942 -0.51064 0.47323 -0.12018 -0.39596 -0.44214
291 -0.54272 -0.57412 0.27934 -0.32436 -0.55883 -0.94687 -0.10797 0.42995 -0.00543 -0.71459 0.47547 -0.55274 0.38862 0.14076 0.01075 0.16303 -0.79512 -0.00322 -0.19346 0.50329
292 -0.56062 -0.59923 0.28893 -0.37616 -0.56806 -0.94582 0.00898 0.44034 -0.07057 -0.67160 0.51371 -0.56976 0.38611 0.00092 0.02906 0.25216 -0.80355 0.09009 -0.29895 0.51844
293 -0.56718 -0.54922 0.30958 -0.40876 -0.64695 -0.92185 -0.04264 0.24999 0.02638 -0.80321 0.50217 -0.54778 0.28247 0.15317 -0.01706 0.14033 -0.88190 0.05552 -0.23937 0.49768
294 -0.51565 -0.57846 0.28095 -0.38077 -0.60246 -0.95025 -0.00530 0.45094 -0.03900 -0.69552 0.51442 -0.57819 0.35226 0.06639 0.01862 0.20850 -0.83796 0.07219 -0.31212 0.48255
295 -0.37567 0.53392 0.66480 -0.41507 -0.20294 0.20649 -0.10778 0.33194 -0.73090 0.43484 1.12557 -0.42756 0.16088 -0.04975 0.32709 0.13805 0.78059 -0.46905 -0.15714 0.20896
296 -0.37293 0.53574 0.59288 -0.40064 -0.20128 0.21930 -0.20119 0.35092 -0.84442 0.45916 1.14095 -0.40303 0.16016 0.00643 0.25329 0.05233 0.81572 -0.47787 -0.21569 0.22498
297 -0.35844 0.51540 0.72261 -0.48969 -0.24676 0.27144 -0.12021 0.24424 -0.78348 0.45441 1.09244 -0.40164 0.11566 -0.20127 0.35107 0.10568 0.73436 -0.50125 -0.09180 0.25506
298 -0.34662 0.51941 0.73330 -0.49120 -0.24418 0.25678 -0.17523 0.29374 -0.79959 0.46068 1.09447 -0.41915 0.09878 -0.12078 0.31906 0.09279 0.70478 -0.49416 -0.08661 0.23966
299 -0.33666 0.58362 0.72674 -0.53504 -0.29123 0.25104 -0.10475 0.20294 -0.82460 0.52440 0.97344 -0.44182 0.12179 -0.07733 0.26310 0.09020 0.76600 -0.44343 0.02862 0.31226
300 0.52145 -0.21815 0.72891 -0.68603 -0.26487 0.10509 0.07945 0.60828 -0.45924 -0.50255 -0.43523 0.14361 0.39762 -0.28485 -0.53452 0.00632 -0.00100 0.48130 -0.49929 -1.02244
301 0.53527 -0.13735 0.67577 -0.65858 -0.32780 0.03043 0.03058 0.60857 -0.52172 -0.36967 -0.44982 0.07968 0.47707 -0.22150 -0.67101 -0.14127 0.08039 0.69035 -0.39523 -0.99008
302 0.52108 -0.11312 0.65507 -0.67940 -0.29090 0.07694 -0.00245 0.62773 -0.38241 -0.37659 -0.44895 0.11127 0.41260 -0.27543 -0.57253 0.00898 0.03909 0.61113 -0.47024 -0.97773
303 0.51570 -0.15583 0.64432 -0.72047 -0.32396 0.04122 0.03612 0.64067 -0.43924 -0.47091 -0.48314 0.11526 0.41309 -0.30331 -0.67496 -0.05073 0.06799 0.61805 -0.43335 -1.05639
304 0.49659 -0.20800 0.73599 -0.66134 -0.25528 0.08048 0.05534 0.58839 -0.44341 -0.49865 -0.43082 0.15281 0.39227 -0.29224 -0.53295 -0.04359 -0.00110 0.46439 -0.44881 -1.03091
305 0.50272 -0.18682 0.72529 -0.64170 -0.26074 0.05700 0.04582 0.57416 -0.45118 -0.49545 -0.39625 0.16494 0.41170 -0.26113 -0.52985 -0.03731 0.01956 0.47379 -0.46251 -0.99115
306 0.50479 -0.22882 0.74935 -0.68400 -0.28003 0.09200 0.09633 0.59337 -0.45148 -0.54519 -0.43476 0.16300 0.40460 -0.27224 -0.53974 -0.04285 -0.00318 0.49088 -0.46550 -1.02765
307 0.30701 0.38051 -0.11478 0.12877 0.08507 -0.86022 -0.11241 0.61647 0.52521 -0.01914 -0.53344 0.30073 -0.26773 -0.08955 -0.66116 -0.36968 -0.49229 0.11679 0.99997 -0.77064
308 0.30101 0.36454 -0.16114 0.13754 0.09565 -0.87954 -0.20322 0.61639 0.52166 -0.05848 -0.50984 0.31715 -0.28430 -0.11530 -0.65980 -0.39739 -0.50481 0.16138 0.93156 -0.74063
309 0.28519 0.36689 -0.11796 0.15394 0.09969 -0.85327 -0.16854 0.60152 0.51907 -0.03676 -0.50582 0.28469 -0.24430 -0.09844 -0.65299 -0.40019 -0.49844 0.10487 0.95449 -0.73222
310 0.28198 0.38470 -0.13630 0.16792 0.11184 -0.88781 -0.19602 0.63756 0.52556 -0.03709 -0.53653 0.32593 -0.26113 -0.14228 -0.66955 -0.42444 -0.53955 0.16271 0.95127 -0.72057
311 -0.03067 0.03151 -0.09617 -0.04460 -0.02815 -0.04900 0.02814 0.03148 0.01270 -0.01313 -0.00866 -0.03069 0.04464 -0.03298 0.00455 -0.02563 0.07856 -0.03041 -0.07830 -0.00230
312 -0.00493 -0.03842 0.04985 -0.01355 0.04737 -0.04765 0.02539 -0.01813 0.04765 -0.05169 -0.04140 -0.04827 -0.00916 -0.12460 -0.10165 0.08383 0.04592 -0.04135 0.05561 0.00561
313 0.30242 0.14627 -1.19438 0.52859 0.81190 -0.09414 0.35962 -0.24954 0.02101 -0.73687 -0.34615 0.07241 0.16702 -0.18855 0.54058 -0.58112 -0.17152 0.12609 0.25427 0.64228
314 0.31107 0.12676 -1.20430 0.52812 0.78222 -0.06651 0.33233 -0.22462 0.02490 -0.77027 -0.34065 0.04475 0.15921 -0.22192 0.53772 -0.58800 -0.17577 0.13165 0.26730 0.63231
315 0.88631 -0.06424 0.27173 0.10229 0.07015 -0.02920 0.04862 0.34051 0.01093 -0.84463 0.35160 0.41201 -0.38368 0.18924 0.09092 0.46679 -0.34243 -0.74280 0.03364 1.01411
316 0.90988 -0.09793 0.30795 0.11070 0.06224 0.00287 0.02116 0.34759 -0.02145 -0.86495 0.36623 0.44929 -0.34771 0.16683 0.08190 0.45178 -0.35601 -0.75050 0.03675 0.99964
317 0.80704 -0.01874 0.33081 0.21452 0.24121 0.01958 0.16270 0.33245 -0.03058 -0.95962 0.42912 0.46511 -0.30150 0.27601 0.15514 0.60721 -0.30283 -0.61849 -0.14983 1.18165
318 0.84464 -0.06644 0.30542 0.12952 0.19249 -0.14444 0.19730 0.29956 0.06124 -0.95885 0.44947 0.42145 -0.37238 0.27751 -0.00010 0.46476 -0.30441 -0.74821 -0.01624 1.17821
319 -0.62073 0.28595 -0.12681 -0.07652 -0.17556 0.80426 0.60881 -0.02571 -0.06725 -0.34032 0.76712 0.18607 0.61252 -0.06593 -0.21367 -0.73659 -0.57295 0.76314 -0.04399 -0.02145
320 -0.64069 0.32118 -0.12517 -0.06901 -0.18781 0.85769 0.65126 0.00592 -0.06175 -0.32046 0.77904 0.15563 0.60565 -0.05147 -0.21098 -0.73359 -0.56458 0.82574 -0.04706 0.02259
321 -0.53700 0.25684 -0.09571 -0.15233 -0.20082 0.84067 0.64420 -0.13323 -0.08406 -0.36925 0.81308 0.24502 0.58451 -0.10714 -0.19564 -0.75621 -0.54643 0.70120 -0.04295 -0.02139
322 -0.50779 0.27703 -0.09476 -0.14177 -0.18925 0.83261 0.64842 -0.14458 -0.06725 -0.36610 0.82831 0.25677 0.56772 -0.09186 -0.19275 -0.75624 -0.56096 0.69573 -0.03352 -0.00609
323 -0.53542 0.25760 -0.11269 -0.12669 -0.17713 0.82419 0.65149 -0.13843 -0.08992 -0.38011 0.79807 0.24241 0.58918 -0.10011 -0.21817 -0.76473 -0.55026 0.69786 -0.04142 -0.03203
324 -0.50358 0.18937 -0.15246 -0.13128 -0.15369 0.94452 0.54445 -0.19638 -0.17337 -0.38633 0.84686 0.25854 0.59244 -0.08240 -0.21502 -0.81655 -0.53163 0.73470 -0.10093 0.04283
325 -0.66753 0.29416 -0.18223 -0.03072 -0.22780 0.81335 0.66156 -0.01082 -0.08525 -0.35698 0.79188 0.16211 0.65376 -0.05101 -0.21195 -0.71479 -0.52873 0.80432 -0.00487 -0.00484
326 -0.52498 0.26999 -0.09057 -0.13084 -0.17799 0.83156 0.61408 -0.13917 -0.07456 -0.36238 0.79800 0.22337 0.59377 -0.07977 -0.20991 -0.79173 -0.57003 0.70164 -0.02768 -0.02305
327 -0.65214 0.21079 -0.16919 -0.09737 -0.13081 0.74115 0.58916 -0.05674 -0.14566 -0.22718 0.69997 0.31750 0.71979 -0.07973 -0.16090 -0.84583 -0.43166 0.75064 -0.00899 -0.15125
328 -0.49650 0.27107 -0.07547 -0.14482 -0.17761 0.84661 0.61934 -0.12631 -0.11264 -0.37049 0.83701 0.24065 0.58243 -0.06714 -0.20310 -0.79644 -0.60253 0.68344 -0.02515 -0.04055
329 -0.67075 0.31582 -0.13489 -0.06398 -0.18332 0.86180 0.61733 0.02254 -0.10540 -0.31833 0.80070 0.18224 0.64803 -0.05560 -0.19961 -0.76735 -0.54859 0.83787 -0.04438 0.01233
330 -0.55253 0.24283 -0.11284 -0.12261 -0.18105 0.85337 0.63336 -0.15054 -0.10935 -0.36330 0.85799 0.25229 0.57004 -0.09424 -0.19593 -0.77689 -0.61191 0.65589 -0.01931 -0.04507
331 -0.68241 0.30125 -0.10969 -0.03244 -0.20146 0.85633 0.66297 0.00443 -0.08024 -0.33405 0.79740 0.17785 0.67369 -0.03475 -0.22867 -0.80476 -0.53909 0.83530 -0.02501 -0.03951
332 -0.63869 0.16552 -0.16980 -0.17916 -0.12728 0.78179 0.57804 -0.07278 -0.16139 -0.19129 0.74215 0.41460 0.83907 -0.07150 -0.16270 -0.87228 -0.46026 0.75163 -0.00573 -0.19939
333 -0.49059 0.22021 -0.14162 -0.14092 -0.13957 0.90497 0.56922 -0.19347 -0.15551 -0.35210 0.81794 0.23442 0.59106 -0.08004 -0.19621 -0.81484 -0.53123 0.73707 -0.09577 0.03920
334 -0.53563 0.25335 -0.13906 -0.13108 -0.16801 0.94592 0.57684 -0.16994 -0.16127 -0.37180 0.83849 0.23109 0.63047 -0.10331 -0.20623 -0.81252 -0.50903 0.69852 -0.09564 0.02250
335 -0.59076 0.26819 -0.15961 -0.14184 -0.23581 0.76778 0.62199 -0.11267 -0.09175 -0.39934 0.74949 0.23334 0.67674 -0.13829 -0.29788 -0.74347 -0.54466 0.72651 -0.02688 0.00433
336 -0.56700 0.25650 -0.15565 -0.10317 -0.21893 0.75665 0.58942 -0.06658 -0.10994 -0.35068 0.71087 0.23165 0.66316 -0.11449 -0.26617 -0.72150 -0.50063 0.70915 -0.00618 0.00837
337 -0.57183 0.24441 -0.11496 -0.11217 -0.21145 0.80248 0.63511 -0.10186 -0.07645 -0.38716 0.80014 0.21476 0.64978 -0.10744 -0.24588 -0.75387 -0.52883 0.72865 -0.04741 0.00539
338 -0.52221 0.25700 -0.08481 -0.11748 -0.16811 0.85403 0.62924 -0.13473 -0.11682 -0.35099 0.79766 0.21678 0.58210 -0.12076 -0.20568 -0.79360 -0.59565 0.69660 -0.02176 -0.04004
339 -0.55747 0.24608 -0.09886 -0.14250 -0.18332 0.86436 0.58161 -0.13387 -0.09715 -0.33311 0.81988 0.23782 0.60631 -0.08584 -0.19264 -0.78674 -0.58033 0.68786 -0.01220 -0.04807
340 -0.52619 0.25466 -0.08952 -0.11280 -0.20204 0.87917 0.66436 -0.11619 -0.07427 -0.39181 0.81144 0.26885 0.62500 -0.07978 -0.18330 -0.78451 -0.58840 0.73786 -0.04992 -0.04526
341 -0.57126 0.27127 -0.14251 -0.11719 -0.22197 0.77945 0.61535 -0.11093 -0.07966 -0.41911 0.79479 0.23389 0.64580 -0.11948 -0.24083 -0.76158 -0.52876 0.73750 -0.02184 -0.02160
342 -0.56624 0.23511 -0.11827 -0.12840 -0.21551 0.80768 0.62321 -0.11734 -0.08151 -0.41007 0.79870 0.24101 0.62717 -0.12348 -0.24532 -0.77095 -0.54268 0.74556 -0.02188 0.00422
343 -0.53228 0.23628 -0.09266 -0.13772 -0.21235 0.83429 0.63540 -0.13271 -0.07500 -0.36618 0.78828 0.25296 0.57529 -0.09565 -0.21132 -0.74719 -0.53873 0.70596 -0.05702 -0.02406
344 -0.52876 0.22960 -0.11014 -0.12400 -0.19772 0.82357 0.64306 -0.13853 -0.11020 -0.36572 0.82548 0.22885 0.57265 -0.10183 -0.19582 -0.74810 -0.56842 0.68465 -0.03766 -0.02668
345 -0.56982 0.28011 -0.16957 -0.14492 -0.22568 0.79969 0.62103 -0.10892 -0.10303 -0.36460 0.76586 0.25671 0.69671 -0.12433 -0.25794 -0.77005 -0.51821 0.72974 -0.00899 -0.04517
346 -0.65105 0.33018 -0.12538 -0.04806 -0.17894 0.83873 0.61440 0.00401 -0.04819 -0.32411 0.75643 0.16405 0.62091 -0.05906 -0.20501 -0.70185 -0.56248 0.79365 -0.02147 -0.00026
347 -0.52174 0.23489 -0.10629 -0.11896 -0.20564 0.82808 0.64795 -0.14516 -0.07837 -0.35908 0.81290 0.25628 0.58396 -0.08840 -0.20525 -0.76382 -0.57448 0.69154 -0.05001 -0.02375
348 -0.55852 0.32315 -0.11202 -0.18331 -0.21976 0.90849 0.60385 -0.07966 -0.07971 -0.34426 0.75518 0.28411 0.70139 -0.11784 -0.17726 -0.71494 -0.54385 0.72213 -0.05392 0.01356
349 -0.66524 0.29543 -0.14179 -0.00864 -0.20741 0.82079 0.65934 0.05056 -0.04472 -0.31572 0.76951 0.14304 0.62643 -0.01768 -0.17933 -0.75485 -0.54459 0.81098 -0.03700 -0.02582
350 -0.59956 0.29372 -0.11185 -0.13452 -0.22128 0.82102 0.66207 -0.10105 -0.11035 -0.40468 0.81478 0.24169 0.67666 -0.13227 -0.24441 -0.79491 -0.53667 0.74879 -0.03518 -0.01522
351 -0.53439 0.22646 -0.12055 -0.11930 -0.18961 0.85609 0.66110 -0.13939 -0.09459 -0.36333 0.83777 0.26877 0.59581 -0.09338 -0.17447 -0.77867 -0.56527 0.68420 -0.03489 -0.06248
352 -0.51023 0.25130 -0.09639 -0.13879 -0.19522 0.83959 0.64019 -0.14696 -0.10510 -0.35719 0.82407 0.24381 0.57083 -0.12408 -0.21462 -0.76668 -0.54185 0.68733 -0.04951 -0.05625
353 -0.54608 0.25582 -0.09025 -0.13760 -0.18156 0.82441 0.65092 -0.16283 -0.10239 -0.35821 0.81050 0.25356 0.60287 -0.09529 -0.22243 -0.76214 -0.56873 0.70598 -0.04681 -0.01871
354 -0.61006 0.18062 -0.14683 -0.14861 -0.13478 0.77874 0.62569 -0.12525 -0.14763 -0.19464 0.73189 0.33982 0.71751 -0.08314 -0.16764 -0.80728 -0.46346 0.71618 0.00243 -0.12172
355 -0.58795 0.20205 -0.13433 -0.11783 -0.12996 0.71199 0.57754 -0.11432 -0.14437 -0.21484 0.67439 0.27508 0.67136 -0.06289 -0.16158 -0.75447 -0.42850 0.68401 -0.01515 -0.11547
356 -0.30113 0.80044 0.05502 1.01174 -0.71348 -0.62539 0.44937 0.24253 0.41440 -0.05402 0.08616 0.35640 0.16275 0.50594 -0.27623 0.12921 -0.31004 -0.62380 -0.15613 0.44523
357 -0.30764 0.81071 0.02830 1.00273 -0.72458 -0.61230 0.47464 0.22793 0.40408 -0.06742 0.08485 0.36086 0.19187 0.50627 -0.27093 0.14970 -0.29668 -0.62839 -0.14373 0.43845
358 -0.31101 0.82233 0.01163 1.04786 -0.71590 -0.60900 0.49093 0.25189 0.45708 -0.07405 0.12777 0.37676 0.21605 0.46283 -0.29558 0.06525 -0.26592 -0.63172 -0.14293 0.39281
359 -0.26424 0.84259 0.01509 0.97199 -0.77330 -0.57285 0.49883 0.29656 0.47424 -0.09738 0.15215 0.42928 0.21615 0.53883 -0.26314 -0.02360 -0.27373 -0.61087 -0.15476 0.45062
360 -0.29634 -0.22500 0.10191 -0.06806 0.31184 -0.56167 0.42304 0.69453 0.18326 -0.14794 -0.41767 -0.45306 1.32692 0.05938 -0.51241 -0.15411 0.62092 -0.14892 0.37958 0.19286
361 -0.30074 -0.20782 0.09625 -0.05742 0.32340 -0.53733 0.43506 0.69406 0.20087 -0.13785 -0.37356 -0.44258 1.33374 0.07232 -0.51317 -0.10229 0.62995 -0.16632 0.39099 0.21314
362 -0.34706 -0.18694 0.11419 -0.07052 0.34039 -0.59563 0.40294 0.70762 0.20532 -0.13715 -0.42241 -0.43310 1.35669 0.06043 -0.51249 -0.13807 0.66388 -0.14822 0.39947 0.21789
363 -0.31865 -0.17368 0.13320 -0.04857 0.33616 -0.57778 0.41757 0.72648 0.19673 -0.15801 -0.39522 -0.42790 1.34103 0.05501 -0.52410 -0.13880 0.65753 -0.15890 0.36860 0.19091
364 0.32928 0.46313 -0.16370 -0.42265 0.17774 -0.26425 0.74538 -0.06618 0.46059 0.30004 -0.45353 0.99231 -0.23167 -0.01908 0.53079 0.80827 0.66218 0.09496 0.48864 -0.38388
365 0.33298 0.47704 -0.17858 -0.43638 0.18954 -0.21603 0.70825 -0.04030 0.44458 0.32572 -0.44131 0.94134 -0.21899 -0.02483 0.53436 0.81270 0.64193 0.09920 0.50066 -0.38128
366 0.33466 0.48457 -0.15273 -0.46700 0.16172 -0.12829 0.63803 -0.01736 0.39846 0.31691 -0.40595 0.92931 -0.31142 -0.07169 0.61133 0.84328 0.70426 0.07314 0.56719 -0.36136
367 0.34771 0.48478 -0.14071 -0.45953 0.15807 -0.11597 0.64173 -0.01417 0.40495 0.29466 -0.40506 0.93055 -0.27292 -0.08621 0.59026 0.81735 0.68952 0.09294 0.54438 -0.38415
368 -0.40955 0.15374 -0.26954 -0.70845 -0.28030 -0.13181 -0.22947 -0.29723 0.08678 0.09922 -0.58791 -0.52931 1.27342 0.40153 0.40069 0.13742 -0.14879 0.14281 -0.18113 0.83307
369 -0.44366 0.16107 -0.31607 -0.70835 -0.28527 -0.14445 -0.23784 -0.29065 0.06653 0.11190 -0.63740 -0.50015 1.29555 0.45650 0.43345 0.14877 -0.13495 0.12814 -0.22061 0.85746
370 -0.40888 0.14067 -0.28381 -0.67307 -0.28660 -0.12336 -0.25536 -0.28271 0.12176 0.10906 -0.60970 -0.48481 1.25144 0.40475 0.41799 0.15474 -0.12186 0.16266 -0.19091 0.82510
371 -0.41815 0.14578 -0.30568 -0.68070 -0.31037 -0.13457 -0.25171 -0.29613 0.12987 0.11168 -0.61669 -0.49595 1.26223 0.45148 0.40106 0.15452 -0.11780 0.11696 -0.22196 0.83461
372 -0.46379 0.13457 -0.27192 -0.65747 -0.29332 -0.12284 -0.24414 -0.31176 0.12574 0.10683 -0.62767 -0.47578 1.25866 0.45226 0.40579 0.14488 -0.14801 0.17011 -0.20703 0.82499
373 -0.41442 0.11296 -0.31017 -0.69589 -0.31331 -0.11385 -0.28017 -0.31540 0.11824 0.08274 -0.58711 -0.49428 1.24686 0.44525 0.43139 0.19134 -0.14459 0.15389 -0.20039 0.85831
374 -0.42535 0.14534 -0.29811 -0.69256 -0.33002 -0.13486 -0.27214 -0.30316 0.12427 0.10659 -0.60890 -0.50316 1.28064 0.44455 0.43957 0.17551 -0.15469 0.16857 -0.20007 0.85508
375 0.19288 -0.09732 0.22972 0.75887 -0.41475 0.38274 -0.22695 0.44542 0.39655 0.13201 -0.32117 -0.82689 -0.25959 -0.14337 0.21226 -0.22314 -0.08721 -0.61243 0.20560 -1.16021
376 0.17992 -0.10814 0.24725 0.84420 -0.41050 0.41336 -0.24410 0.46565 0.40263 0.12489 -0.32179 -0.86073 -0.30416 -0.13447 0.17274 -0.24879 -0.06408 -0.64521 0.25404 -1.22511
377 0.18452 -0.10115 0.25018 0.77276 -0.38912 0.35552 -0.21333 0.46691 0.43023 0.12705 -0.27753 -0.82644 -0.22161 -0.16092 0.19326 -0.20097 -0.09017 -0.61959 0.21445 -1.14532
378 0.12836 -0.09228 0.22528 0.78970 -0.41913 0.39473 -0.27373 0.41966 0.37989 0.14886 -0.29983 -0.83738 -0.25192 -0.15800 0.17518 -0.22135 -0.05979 -0.62808 0.22998 -1.21492
379 0.17743 -0.06638 0.24079 0.82473 -0.44510 0.41136 -0.24504 0.48224 0.41628 0.11243 -0.32460 -0.86558 -0.32627 -0.14102 0.15842 -0.21322 -0.06824 -0.63388 0.24300 -1.24505
380 0.16005 -0.07816 0.24950 0.81994 -0.41299 0.42040 -0.23057 0.48292 0.38283 0.13045 -0.34352 -0.83146 -0.29872 -0.13479 0.16488 -0.23078 -0.06231 -0.64360 0.22506 -1.22401
381 0.15566 -0.08248 0.22925 0.82322 -0.40311 0.39547 -0.26850 0.49717 0.39569 0.14659 -0.31903 -0.82383 -0.22359 -0.15986 0.15436 -0.21270 -0.08261 -0.64280 0.23434 -1.21729
382 0.18234 -0.07977 0.23702 0.78671 -0.38126 0.37747 -0.23315 0.47460 0.40228 0.13348 -0.33808 -0.82654 -0.25941 -0.14952 0.19662 -0.21960 -0.08910 -0.62169 0.22317 -1.19419
383 0.18157 -0.14130 0.21216 0.77144 -0.40129 0.33457 -0.24077 0.45521 0.40411 0.15859 -0.30824 -0.78922 -0.29016 -0.13593 0.21538 -0.25804 -0.06967 -0.58132 0.20241 -1.20864
384 -0.16467 -0.01893 -0.30401 -0.77187 -0.80391 -0.31550 -0.32981 -0.15881 -0.08253 1.14957 -0.26066 0.93065 0.43379 -0.20795 -0.07059 -0.49642 0.07680 -0.20144 0.23544 0.08692
385 -0.14288 -0.05523 -0.32892 -0.77198 -0.75905 -0.33423 -0.34340 -0.13669 -0.12342 1.17453 -0.24222 0.98595 0.43240 -0.22012 -0.08978 -0.45240 0.09182 -0.21441 0.28059 0.08345
386 -0.11577 -0.03515 -0.32291 -0.75062 -0.76744 -0.33949 -0.34580 -0.13654 -0.07883 1.16032 -0.25909 0.96349 0.38375 -0.20272 -0.10503 -0.47319 0.08857 -0.20104 0.25546 0.11646
387 0.03081 0.00270 -0.04954 -0.05717 -0.02813 -0.07328 0.02674 0.01287 -0.03533 -0.05977 -0.04733 0.05515 -0.02843 -0.00853 0.03691 0.01937 0.06194 0.05213 0.03380 -0.04048
388 -0.12455 -0.00967 -0.32543 -0.75117 -0.80125 -0.30375 -0.33493 -0.10695 -0.09430 1.13662 -0.27017 0.96649 0.42337 -0.21574 -0.08156 -0.49182 0.12512 -0.22601 0.24572 0.09233
389 0.01372 0.07439 -0.06490 0.03703 0.00340 -0.02916 0.03038 -0.00176 0.03477 -0.07712 0.01487 0.00962 -0.05999 -0.00440 -0.07871 0.02851 0.00572 0.01821 0.05573 0.02890
390 0.07738 -0.02455 -0.01686 -0.05210 -0.01520 -0.01172 0.01996 0.02040 0.09135 -0.06242 -0.06879 -0.01700 0.06123 0.04811 -0.02361 0.05909 0.05524 -0.00830 -0.01374 -0.00969
391 0.50848 -0.54556 -0.12289 -0.75731 0.08665 0.49971 0.27682 -0.56705 0.08582 0.31502 -0.03391 0.03832 -0.36592 -0.13203 0.25553 -0.99393 -0.63113 -0.84123 0.29891 -0.09806
392 0.53392 -0.59522 -0.10040 -0.80334 0.09744 0.56185 0.30048 -0.60462 0.07993 0.34029 -0.04717 0.04947 -0.39711 -0.15836 0.28962 -1.07585 -0.66678 -0.93005 0.33357 -0.09589
393 0.51560 -0.54678 -0.12849 -0.74104 0.10332 0.50597 0.29485 -0.57986 0.08502 0.30323 -0.05341 0.03201 -0.38008 -0.14546 0.26401 -0.99763 -0.63932 -0.85420 0.30115 -0.09032
394 -0.14923 0.48880 -0.53269 0.51502 0.12885 0.43765 -0.29074 0.18477 -0.33278 0.01712 -0.55720 -0.65695 -0.08347 0.21986 -0.81642 0.01280 0.65513 1.08900 0.30099 0.35798
395 -0.15001 0.49011 -0.55430 0.52627 0.15131 0.42948 -0.30734 0.20058 -0.33691 0.03064 -0.52419 -0.64320 -0.06106 0.23441 -0.79271 0.00676 0.64375 1.09328 0.27650 0.32472
396 -0.15441 0.49052 -0.52949 0.53854 0.13649 0.41803 -0.29014 0.19493 -0.33346 0.03509 -0.53420 -0.64214 -0.09753 0.22772 -0.82216 0.00705 0.67557 1.07820 0.28641 0.34837
397 0.36931 0.42073 0.21690 -0.03637 1.15698 -0.04740 -0.65780 -0.56562 0.45987 -0.61301 -0.15228 -0.47028 0.73833 -0.05509 -0.17116 -0.30010 -0.03775 0.06540 -0.29974 -0.65913
398 0.38055 0.41942 0.15121 -0.05008 1.16575 -0.06275 -0.63816 -0.55015 0.46391 -0.65339 -0.17745 -0.48549 0.72451 -0.05133 -0.16940 -0.31237 -0.00954 0.07006 -0.32261 -0.64324
399 0.37514 0.42146 0.19039 -0.02789 1.16231 -0.05744 -0.64954 -0.56573 0.47702 -0.66367 -0.16731 -0.45658 0.73004 -0.06952 -0.18340 -0.30044 -0.00973 0.08960 -0.33352 -0.63325
400 0.06838 0.10133 -0.18467 -0.25250 0.41917 -0.25496 -0.42881 0.91939 0.37092 0.63324 -0.31548 -0.10910 0.89713 0.02573 0.22997 0.24718 0.03631 -0.83019 0.66003 -0.64916
401 0.03644 0.13100 -0.16818 -0.27928 0.44394 -0.26609 -0.47277 0.91775 0.40974 0.61986 -0.28521 -0.09924 0.87033 0.00434 0.25156 0.23173 0.03315 -0.81234 0.66718 -0.66408
402 0.06656 0.11828 -0.14697 -0.28606 0.44501 -0.26660 -0.44630 0.89621 0.43184 0.61776 -0.30329 -0.13376 0.86898 0.01716 0.24092 0.22804 0.03983 -0.80208 0.63578 -0.65774
403 -0.49327 0.54292 0.66596 -0.35092 -0.15331 0.13303 0.02087 0.56053 -0.53894 0.29593 1.11072 -0.51752 0.28956 0.19074 0.33205 0.34459 0.69426 -0.43367 -0.13010 0.25111
404 -0.51343 0.57024 0.65323 -0.38981 -0.14509 0.11763 0.03536 0.57689 -0.58290 0.29065 1.10127 -0.44893 0.30334 0.18557 0.37620 0.34359 0.73522 -0.44382 -0.15162 0.25547
405 -0.45306 0.50445 0.65512 -0.36862 -0.12912 0.13097 0.02827 0.49454 -0.58578 0.31158 1.05818 -0.45585 0.21084 0.13542 0.32077 0.27449 0.72661 -0.46071 -0.11712 0.25795
406 -0.47728 0.46093 0.70499 -0.44960 -0.11790 0.20347 0.00610 0.49892 -0.66410 0.22967 1.12847 -0.39761 0.24241 0.21625 0.37152 0.12695 0.76305 -0.44475 -0.09066 0.40754
407 -0.50938 0.53729 0.63435 -0.41358 -0.16349 0.11111 0.03999 0.55392 -0.59228 0.29622 1.08709 -0.44193 0.28544 0.17011 0.34958 0.36468 0.71627 -0.45125 -0.14201 0.24458
408 -0.49137 0.52576 0.67186 -0.37394 -0.15656 0.15071 0.03073 0.55404 -0.52940 0.28800 1.12243 -0.50008 0.26328 0.21884 0.32107 0.35615 0.69061 -0.45128 -0.13365 0.25169
409 -0.46823 0.54565 0.64262 -0.38163 -0.13898 0.13100 0.03698 0.53947 -0.55733 0.27471 1.08870 -0.47729 0.26162 0.17942 0.34792 0.31925 0.70132 -0.43399 -0.14683 0.24020
410 -0.44699 0.50577 0.70151 -0.40046 -0.11159 0.15322 0.08606 0.55012 -0.48711 0.31166 1.09754 -0.64172 0.31471 0.17901 0.28944 0.36080 0.65642 -0.41926 -0.14785 0.14024
411 -0.45693 0.51493 0.62871 -0.35913 -0.17297 0.09106 -0.00577 0.54786 -0.54197 0.29882 1.09932 -0.49390 0.25013 0.17014 0.30080 0.34087 0.67589 -0.42442 -0.14017 0.21116
412 -0.47577 0.51384 0.62688 -0.37021 -0.16148 0.11065 0.03294 0.50562 -0.53746 0.26033 1.05401 -0.47794 0.25128 0.16301 0.32492 0.33212 0.69164 -0.43803 -0.13973 0.24929
413 -0.48542 0.53556 0.67677 -0.33752 -0.14891 0.11579 0.01312 0.54371 -0.58764 0.32024 1.09072 -0.48426 0.27267 0.18634 0.29631 0.31884 0.72500 -0.44323 -0.14335 0.21385
414 -0.46959 0.55618 0.66652 -0.36868 -0.14665 0.10611 0.02630 0.54263 -0.54568 0.31741 1.08808 -0.49597 0.25672 0.14181 0.33225 0.35604 0.70913 -0.46393 -0.12458 0.24514
415 -0.50084 0.49541 0.64258 -0.37080 -0.13566 0.12618 0.01625 0.54212 -0.54910 0.29830 1.07738 -0.49584 0.26630 0.18973 0.30575 0.33133 0.69880 -0.44241 -0.11680 0.22778
416 -0.47647 0.52291 0.65784 -0.33548 -0.16854 0.12788 -0.01335 0.59964 -0.55451 0.28663 1.13810 -0.51768 0.26464 0.26941 0.31045 0.37565 0.66444 -0.42648 -0.11970 0.21844
417 -0.18781 0.35101 -0.11541 -0.93505 0.08077 -0.26488 0.06569 0.28906 0.09531 -0.54840 0.06329 -0.00599 -0.65650 0.07162 -0.71283 -0.01252 -0.67539 0.02512 0.56760 -0.45490
418 1.23633 -0.23512 0.02460 0.14660 -0.33421 0.30534 -0.53440 0.50531 -0.11605 -0.74486 0.17175 0.48038 -0.00556 -0.06566 -0.09374 0.57239 -0.26885 -0.69845 0.00266 0.98054
419 1.24781 -0.19055 0.08156 0.14748 -0.29184 0.22154 -0.45259 0.51335 -0.10172 -0.75669 0.21032 0.48204 -0.06015 -0.03227 -0.10482 0.52429 -0.31817 -0.76791 0.06028 0.99233
420 0.55947 -0.30213 0.43437 0.57704 -0.06299 -1.22458 0.66477 -0.64590 -0.01458 -0.00727 -0.78061 0.36230 0.52711 0.07904 -0.09183 -0.00266 0.22156 0.14848 0.02846 0.27063
421 -0.60857 -0.21672 0.31263 0.54192 0.32442 -0.18685 0.47155 0.45387 -0.52658 -0.27331 0.15835 0.21819 0.07579 -0.55972 0.63824 -0.39463 -0.05202 -0.55014 0.78332 -0.58119
422 0.57740 -0.25267 0.38618 0.57517 -0.04618 -1.18752 0.64100 -0.59695 -0.03013 0.01290 -0.75417 0.33560 0.45202 0.05098 -0.08066 -0.01703 0.25342 0.15436 0.03274 0.29232
423 0.61216 -0.31244 0.41817 0.59248 -0.06394 -1.25823 0.64991 -0.65792 -0.05784 -0.02399 -0.81037 0.33080 0.45429 0.06070 -0.08847 0.00913 0.28302 0.17582 0.00844 0.31596
424 0.59839 -0.27207 0.39346 0.56883 -0.05696 -1.22653 0.65040 -0.62782 -0.04750 -0.00667 -0.76961 0.31330 0.44590 0.06046 -0.10213 0.01118 0.28612 0.14883 0.02213 0.31338
425 0.61647 -0.29623 0.40901 0.58832 -0.05065 -1.21338 0.65029 -0.63609 -0.03579 -0.01447 -0.77389 0.33738 0.44108 0.05181 -0.09336 -0.01153 0.24132 0.17896 0.02016 0.33063
426 -0.08130 -0.80391 -0.03955 -0.70467 -0.63453 -0.69649 0.44810 -0.04193 0.13395 -0.65556 0.08535 -0.43033 -0.06373 -0.60584 0.64481 -0.15468 0.50561 -0.32832 0.38600 -0.03811
427 -0.10036 -0.83093 -0.04997 -0.74232 -0.65613 -0.71911 0.44896 -0.04165 0.14524 -0.69175 0.10117 -0.43286 -0.06289 -0.61003 0.65460 -0.15198 0.55657 -0.32965 0.39270 -0.06228
428 -0.09677 -0.82495 -0.02232 -0.73251 -0.66900 -0.70853 0.45336 -0.04575 0.13742 -0.70183 0.09571 -0.41684 -0.05105 -0.61652 0.69969 -0.16143 0.55625 -0.34916 0.39245 -0.05339
429 -0.23168 0.66084 0.17198 1.10745 0.06877 -0.38741 0.18042 0.52242 0.51547 -0.08761 0.45999 0.07416 -0.09697 -0.55702 -0.41644 0.88921 0.10679 0.57645 -0.07159 -0.49529
430 -0.25936 0.67863 0.15211 1.09469 0.07239 -0.39762 0.15650 0.52279 0.52644 -0.10855 0.44721 0.07245 -0.08055 -0.52641 -0.39192 0.87653 0.10161 0.61724 -0.08156 -0.54538
431 -0.27539 0.63319 0.17150 1.08381 0.06600 -0.36679 0.19758 0.51088 0.53605 -0.12687 0.43236 0.07270 -0.09802 -0.52381 -0.38643 0.84082 0.11069 0.57195 -0.07712 -0.49433
432 0.05362 -0.38921 -0.81705 -0.67165 -0.92382 0.50143 -0.32414 -0.34899 0.50053 0.82719 0.32897 -0.61037 0.42169 0.05579 -0.09544 -0.00830 0.39885 -0.22608 -0.23707 -0.03851
433 0.04441 -0.33900 -0.82207 -0.65490 -0.89511 0.53772 -0.29727 -0.32199 0.49253 0.84431 0.28231 -0.59555 0.43371 0.09716 -0.11643 0.03312 0.43578 -0.20888 -0.25575 -0.04390
434 0.08987 -0.38087 -0.83671 -0.66645 -0.90781 0.55801 -0.31038 -0.34565 0.49902 0.82533 0.33435 -0.63222 0.40988 0.06573 -0.09437 0.01575 0.41747 -0.22702 -0.24865 -0.05556
435 0.03739 -0.24903 0.08365 1.08917 0.05766 -0.22706 0.67914 -0.36807 0.18768 -0.00202 -0.21192 -0.27625 0.79740 -0.13639 -0.49322 0.28576 -0.31201 -0.90787 0.69550 0.14479
436 0.02449 -0.22459 0.09798 1.12490 0.03216 -0.21603 0.66781 -0.37491 0.21865 -0.00045 -0.19487 -0.24524 0.77570 -0.15469 -0.52505 0.28235 -0.33637 -0.95918 0.67059 0.11536
437 0.04669 -0.22936 0.05799 1.10484 0.04870 -0.21066 0.68529 -0.37368 0.20740 0.00022 -0.20426 -0.25581 0.77744 -0.11684 -0.51522 0.31370 -0.31925 -0.91724 0.69515 0.13132
438 -0.89648 -0.41924 0.12303 -0.31569 0.07116 0.31558 0.11871 -0.10760 0.47319 -0.24138 0.12274 0.56428 -0.30200 -0.55462 -0.95476 0.22349 0.19865 -1.05027 -0.36454 -0.23524
439 -0.93615 -0.34579 0.14976 -0.30044 -0.00859 0.35569 0.09595 -0.05220 0.40906 -0.25547 0.05732 0.58077 -0.33636 -0.59328 -1.00448 0.29730 0.18454 -0.95468 -0.34294 -0.24703
440 -0.96201 -0.38453 0.15378 -0.28949 0.02922 0.31252 0.07803 -0.10355 0.42918 -0.24833 0.02822 0.62409 -0.33553 -0.58773 -0.99492 0.30214 0.19204 -0.97843 -0.34241 -0.24445
441 0.31334 -0.76059 -0.42704 0.15541 -0.45829 -0.15773 -0.44845 -0.79748 0.61904 -0.04092 0.95210 -0.75556 0.06360 -0.23791 0.07845 -0.48914 0.10601 -0.18461 0.22392 -0.55445
442 0.30841 -0.74195 -0.39119 0.13830 -0.46320 -0.11879 -0.46491 -0.82841 0.63648 -0.04887 0.93806 -0.76462 0.04809 -0.26825 0.08065 -0.46087 0.07496 -0.17112 0.23374 -0.58337
443 0.34563 -0.78223 -0.42267 0.13197 -0.45109 -0.11991 -0.50187 -0.86978 0.63312 -0.06647 1.00021 -0.80036 0.07216 -0.27916 0.07613 -0.49457 0.11722 -0.17484 0.24241 -0.60186
444 0.30303 -0.74617 -0.44866 0.15703 -0.46947 -0.11005 -0.46139 -0.81564 0.65317 -0.04676 0.92289 -0.74645 0.08531 -0.27948 0.09636 -0.47266 0.10372 -0.19553 0.23553 -0.55436
445 0.28871 -0.69808 -0.38301 0.16430 -0.41248 -0.14431 -0.43280 -0.73211 0.59171 -0.05655 0.85929 -0.70631 0.05620 -0.23917 0.07393 -0.42766 0.09094 -0.16337 0.22672 -0.51479
446 0.33920 -0.73625 -0.38046 0.17610 -0.38650 -0.14672 -0.45319 -0.79430 0.60024 -0.06596 0.89805 -0.75207 0.02898 -0.27461 0.07970 -0.45328 0.10791 -0.17710 0.24505 -0.57975
447 0.30967 -0.70794 -0.41444 0.12727 -0.46157 -0.06907 -0.48161 -0.80985 0.62219 0.00148 0.90147 -0.76022 0.06471 -0.25456 0.10866 -0.43966 0.10093 -0.18397 0.20712 -0.56555
448 -0.25009 0.66170 0.14935 1.09815 0.05623 -0.35898 0.22123 0.52693 0.53615 -0.16575 0.45102 0.07870 -0.09126 -0.51143 -0.46774 0.88939 0.06903 0.61625 -0.03810 -0.48477
449 -0.26402 0.49185 0.19702 0.99953 0.15946 -0.29730 0.26295 0.66893 0.64759 -0.46345 0.50009 0.04951 -0.19435 -0.31377 -0.47496 0.84555 0.04041 0.53202 -0.06155 -0.50194
450 -0.27022 0.50663 0.18012 1.01532 0.21855 -0.30413 0.27587 0.69158 0.70613 -0.51535 0.48048 0.04132 -0.19413 -0.32948 -0.50715 0.82417 0.07654 0.53254 -0.08094 -0.52445
451 0.39209 0.15045 0.32923 0.10340 0.32825 0.14747 -0.11798 -0.01364 0.18854 -1.04042 -0.15548 0.01682 0.41180 1.02222 -0.61145 0.68076 0.80290 0.14817 -0.29977 -0.08014
452 0.37271 0.17576 0.31676 0.14718 0.36342 0.15690 -0.10509 -0.01893 0.20013 -1.03979 -0.11387 -0.00668 0.43298 1.04765 -0.62265 0.68883 0.84512 0.17040 -0.30779 -0.10100
453 0.37139 0.16994 0.28115 0.14434 0.36721 0.15947 -0.10722 -0.00884 0.19225 -1.04818 -0.16333 -0.01215 0.42695 1.04815 -0.61271 0.66189 0.82023 0.10695 -0.32306 -0.08158
454 -0.02288 1.14430 0.14669 -0.17990 0.29931 -0.71175 0.18418 0.57629 -0.67530 -0.27851 -0.54346 -0.04230 0.20911 -0.29763 0.45343 -0.69161 -0.37007 -0.36089 -0.35807 -0.13503
455 -0.02170 1.10220 0.15108 -0.15655 0.30306 -0.69997 0.18329 0.58207 -0.67206 -0.27706 -0.53658 -0.01308 0.19320 -0.31012 0.44787 -0.68836 -0.34737 -0.35525 -0.32700 -0.16161
456 -0.04686 1.08702 0.14266 -0.14974 0.28257 -0.65820 0.17709 0.54032 -0.62590 -0.24602 -0.52050 -0.02715 0.21297 -0.29748 0.43887 -0.66317 -0.37311 -0.34586 -0.33026 -0.12661
457 -0.00707 1.13255 0.18645 -0.16894 0.29003 -0.74014 0.16301 0.58211 -0.63193 -0.24921 -0.54120 -0.02390 0.28211 -0.28229 0.48075 -0.67153 -0.35818 -0.38190 -0.34266 -0.13541
458 -0.01317 1.11671 0.19105 -0.20391 0.27056 -0.74569 0.17701 0.57249 -0.60609 -0.21535 -0.51054 -0.04108 0.26440 -0.26741 0.44452 -0.70283 -0.36668 -0.36004 -0.34677 -0.13532
459 -0.00188 1.10405 0.14050 -0.16095 0.26633 -0.70694 0.15652 0.57409 -0.63808 -0.26870 -0.53376 -0.05211 0.22994 -0.28895 0.45298 -0.67578 -0.37044 -0.32784 -0.36290 -0.11404
460 -0.03327 1.09248 0.16235 -0.17651 0.27765 -0.74101 0.19358 0.55829 -0.62189 -0.21848 -0.52315 -0.03207 0.23936 -0.27824 0.46263 -0.69546 -0.37074 -0.37119 -0.32289 -0.13207
461 -0.02453 1.17523 0.19735 -0.22474 0.26652 -0.75454 0.20317 0.55561 -0.58657 -0.26722 -0.54074 -0.01284 0.29003 -0.27907 0.50505 -0.69834 -0.38977 -0.36988 -0.39415 -0.10929
462 -0.04696 1.19391 0.16732 -0.16075 0.30356 -0.73524 0.20838 0.59210 -0.68979 -0.28392 -0.55583 -0.01986 0.21639 -0.31898 0.44484 -0.72310 -0.37586 -0.38149 -0.38446 -0.12438
